SiteId,SiteName,ItemId,ItemName,ItemEngName,ItemUnit,MonitorDate,MonitorValue00,MonitorValue01,MonitorValue02,MonitorValue03,MonitorValue04,MonitorValue05,MonitorValue06,MonitorValue07,MonitorValue08,MonitorValue09,MonitorValue10,MonitorValue11,MonitorValue12,MonitorValue13,MonitorValue14,MonitorValue15,MonitorValue16,MonitorValue17,MonitorValue18,MonitorValue19,MonitorValue20,MonitorValue21,MonitorValue22,MonitorValue23
1,基隆,1,二氧化硫,SO2,ppb,1996-02-18,8.2,4.5,4.5,3.5,4.1,5.3,3.8,2.3,5.3,3.8,1.7,1.5,1.1,1.1,1.1,1.4,1.4,1.1,0.7,0.2,0.2,0.3,0.1,0.2
1,基隆,2,一氧化碳,CO,ppm,1996-02-18,0.46,0.21,0.19,0.17,0.18,0.17,0.19,0.22,0.3,0.39,0.44,0.51,0.48,0.35,0.39,0.44,0.38,0.35,0.28,0.25,0.3,0.33,0.31,0.3
1,基隆,3,臭氧,O3,ppb,1996-02-18,32,36,36,x,37,37,38,38,34,32,33,32,33,35,35,35,34,37,37,38,36,36,36,37
1,基隆,4,懸浮微粒,PM10,μg/m3,1996-02-18,12,14,16,13,12,11,11,11,15,21,20,19,19,19,19,19,32,29,25,24,17,19,18,16
1,基隆,5,氮氧化物,NOx,ppb,1996-02-18,14,9.2,8,6.6,6.7,6.7,x,7.7,12,16,15,17,16,12,13,15,14,12,10,7.8,11,12,11,9.8
1,基隆,6,一氧化氮,NO,ppb,1996-02-18,0.7,0.3,0.1,0.1,0.1,0.1,x,0.3,1.2,2,2.5,3,2.6,1.9,2.2,2.6,2,1.7,1,0.8,1.4,1.5,1.2,1
1,基隆,7,二氧化氮,NO2,ppb,1996-02-18,13,8.9,7.9,6.4,6.6,6.6,x,7.4,11,14,12,14,13,11,11,12,12,9.9,9.1,7.1,9.4,10,9.4,8.8
1,基隆,8,總碳氫化合物,THC,ppm,1996-02-18,2,2,1.9,1.9,1.9,2,2.1,2,2,2,2.1,2.2,2.1,2,2.1,2.2,2.2,2.1,2,2,2,2.1,2,2
1,基隆,9,非甲烷碳氫化合物,NMHC,ppm,1996-02-18,0.16,0.18,0,0,0,0,0.01,0,0.02,0.01,0.07,0.14,0.01,0.01,0.01,x,x,x,x,x,x,x,x,x
1,基隆,10,風速,WIND_SPEED,m/sec,1996-02-18,3.5,3.1,3.4,3.4,3.1,3,3.3,3.6,3.6,3.1,3,2.6,2.7,3,3.1,3,2.7,3.2,3.2,3.6,3.1,2.9,3.1,2.8
1,基隆,11,風向,WIND_DIREC,degrees,1996-02-18,54,54,55,53,51,55,54,51,53,53,47,49,59,50,54,49,52,54,45,51,46,54,53,57
1,基隆,14,溫度,AMB_TEMP,℃,1996-02-18,11.3,11.2,11,10.6,10.6,10.7,10.5,10.8,10.8,10.4,10.7,11,10.9,10.8,10.5,10.5,10.4,10.4,10.3,10.2,10.4,10.8,10.5,10.5
1,基隆,31,甲烷,CH4,ppm,1996-02-18,1.8,x,1.9,1.9,1.9,2,2.1,2,2,2,2.1,2.1,2.1,2,2.1,2.2,2.2,2.1,2,2,2,2.1,2,2
2,汐止,1,二氧化硫,SO2,ppb,1996-02-18,0,0,0,0,0,0,0,0,0,0.1,11,9.5,7.8,1.6,0.5,2.8,4.2,4.6,6.6,5.9,4.5,3.8,6,8
2,汐止,2,一氧化碳,CO,ppm,1996-02-18,0.26,0.25,0.24,0.22,0.23,0.23,0.26,0.31,0.37,0.53,0.72,0.9,0.67,0.47,0.4,0.46,0.48,0.46,0.41,0.39,0.43,0.55,0.46,0.44
2,汐止,3,臭氧,O3,ppb,1996-02-18,33,34,34,x,35,35,34,33,32,29,18,18,20,28,30,26,26,26,26,27,26,22,24,25
2,汐止,4,懸浮微粒,PM10,μg/m3,1996-02-18,x,x,x,x,9,9,10,10,10,25,25,21,20,20,16,15,11,31,36,33,32,22,20,15
2,汐止,5,氮氧化物,NOx,ppb,1996-02-18,8.1,6.3,5,4.4,4.9,4.6,x,11,12,17,37,40,31,18,15,21,22,22,20,18,20,25,23,20
2,汐止,6,一氧化氮,NO,ppb,1996-02-18,1,0.6,0.3,0.2,0.1,0.2,x,1.1,1.5,3.2,9.5,11,6.7,2.8,2.4,3.9,3.8,3.6,2.7,2,2.8,4.1,3.2,2.1
2,汐止,7,二氧化氮,NO2,ppb,1996-02-18,7.1,5.6,4.7,4.3,4.8,4.5,x,9.6,10,14,27,29,25,15,12,18,19,18,17,16,17,21,20,18
2,汐止,10,風速,WIND_SPEED,m/sec,1996-02-18,2.7,2.7,2.4,2.5,1.5,2,2.2,2.6,1.9,2,2.4,2.1,2,2.1,2.6,2.3,2.3,2.2,2.4,2.5,2.5,1.7,2.2,2.3
2,汐止,11,風向,WIND_DIREC,degrees,1996-02-18,52,55,51,55,58,47,63,60,43,59,77,76,75,59,50,66,61,61,68,76,76,82,76,77
2,汐止,14,溫度,AMB_TEMP,℃,1996-02-18,11,10.8,10.6,10.3,10.1,10.1,10,10.1,10.1,10,10.2,10.3,10.5,10.4,10.2,9.9,10,10,9.9,9.9,10,10.1,10,10
3,萬里,1,二氧化硫,SO2,ppb,1996-02-18,0,0.1,0.1,0.1,0.1,0.1,0.1,0.1,0.1,0.1,0.1,0.1,0.1,0.1,0.1,0.1,0.1,0.1,0.1,0.1,0.1,0.1,0.1,0.1
3,萬里,2,一氧化碳,CO,ppm,1996-02-18,0.16,0.17,0.16,0.16,0.16,0.16,0.16,0.17,0.17,0.17,0.17,0.17,0.17,0.16,0.17,0.17,0.16,0.17,0.18,0.19,0.19,0.18,0.18,0.18
3,萬里,3,臭氧,O3,ppb,1996-02-18,40,40,39,x,41,42,43,43,42,42,42,42,42,43,43,43,43,43,43,43,42,43,41,40
3,萬里,4,懸浮微粒,PM10,μg/m3,1996-02-18,26,25,24,27,24,31,29,28,28,33,32,33,33,34,29,28,36,32,34,30,22,28,31,29
3,萬里,5,氮氧化物,NOx,ppb,1996-02-18,0,0.1,0,0,0,0,x,1.2,1.5,1.3,1.4,1,1,1.1,1,1,1.3,0.8,0.8,1.1,1.3,1.2,1.2,1.3
3,萬里,6,一氧化氮,NO,ppb,1996-02-18,x,0,0,0,0,0,x,0.2,0.2,0.2,0.2,0.1,0.1,0.1,0.1,0.1,0.1,0,0,0.1,0.1,0.1,0.2,0.2
3,萬里,7,二氧化氮,NO2,ppb,1996-02-18,0,0.1,0,0,0,0,x,1,1.3,1.1,1.3,0.9,1,1,0.9,0.9,1.2,0.8,0.8,1,1.1,1.1,1,1.2
3,萬里,8,總碳氫化合物,THC,ppm,1996-02-18,2.2,2.2,2.2,2.2,2.2,2.2,2.2,2.2,2.2,2.2,2.2,2.2,2.2,2.2,2.2,2.2,2.2,2.2,2.2,2.2,2.2,2.2,2.2,2.2
3,萬里,9,非甲烷碳氫化合物,NMHC,ppm,1996-02-18,0.03,0.03,0.03,0.03,0.05,0.03,0.04,0.04,0.04,0.04,0.04,0.05,0.03,0.05,0.02,0.02,0.03,0.04,0.05,0.04,0.04,0.05,0.03,0.03
3,萬里,10,風速,WIND_SPEED,m/sec,1996-02-18,14,14,14,14,14,15,14,15,14,13,11,9.8,12,13,13,12,13,13,13,12,11,11,10,10
3,萬里,11,風向,WIND_DIREC,degrees,1996-02-18,18,21,20,24,20,22,25,26,22,26,27,30,25,23,27,28,27,29,29,30,31,31,31,28
3,萬里,14,溫度,AMB_TEMP,℃,1996-02-18,11.1,10.9,10.8,10.5,10.6,10.4,10.9,11.6,10.4,10.3,10.8,11.2,10.9,10.6,10.6,10.7,10.5,10.5,10.4,10.5,10.9,11,10.8,10.8
3,萬里,21,酸雨,PH_RAIN,pH,1996-02-18,x,x,x,x,x,x,x,x,x,x,x,x,x,x,x,x,x,x,x,x,x,x,x,x
3,萬里,22,導電度,RAIN_COND,μmho/cm,1996-02-18,x,x,x,x,x,x,x,x,x,x,x,x,x,x,x,x,x,x,x,x,x,x,x,x
3,萬里,31,甲烷,CH4,ppm,1996-02-18,2.2,2.2,2.1,2.1,2.1,2.1,2.1,2.2,2.2,2.2,2.2,2.1,2.1,2.1,2.2,2.2,2.2,2.1,2.1,2.2,2.2,2.1,2.2,2.2
3,萬里,32,降雨強度,RAIN_INT,㎜,1996-02-18,x,x,x,x,x,x,x,x,x,x,x,x,x,x,x,x,x,x,x,x,x,x,x,x
4,新店,1,二氧化硫,SO2,ppb,1996-02-18,0,0,0,0,0,0,0,0.1,0,0,2.4,0.6,0.9,1.7,0.8,1.1,2.8,3.4,3.3,2.7,0.6,0.2,0.1,0.2
4,新店,2,一氧化碳,CO,ppm,1996-02-18,0.28,0.24,0.21,0.21,0.2,0.2,0.21,0.27,0.36,0.47,0.62,0.69,0.58,0.54,0.47,0.49,0.51,0.54,0.48,0.37,0.35,0.42,0.4,0.34
4,新店,3,臭氧,O3,ppb,1996-02-18,32,33,34,x,37,35,35,32,31,30,25,26,27,25,29,27,24,23,24,28,32,29,30,33
4,新店,4,懸浮微粒,PM10,μg/m3,1996-02-18,19,17,16,15,11,11,11,10,10,10,10,17,18,17,17,17,17,17,20,14,17,11,10,10
4,新店,5,氮氧化物,NOx,ppb,1996-02-18,5.5,3.7,2.5,2.1,1.9,2.5,x,6.9,8.8,12,18,16,15,16,12,14,18,19,17,12,8.2,10,9.1,6.9
4,新店,6,一氧化氮,NO,ppb,1996-02-18,x,x,x,0,0,0,x,0,0,0.4,1.3,0.9,0.6,0.4,0.2,0.3,0.5,0.4,0.2,x,x,x,x,x
4,新店,7,二氧化氮,NO2,ppb,1996-02-18,5.5,3.7,2.5,2.1,1.9,2.5,x,6.9,8.8,11,16,15,14,16,12,14,18,19,17,12,8.2,10,9.1,6.9
4,新店,10,風速,WIND_SPEED,m/sec,1996-02-18,2.4,2.1,2.7,2.3,2.1,2.2,2,1.7,1.9,2,1.7,1.9,1.8,1.9,2.9,2.3,2.3,1.8,1.9,1.9,1.9,1.1,1.6,1.7
4,新店,11,風向,WIND_DIREC,degrees,1996-02-18,67,62,68,68,69,62,66,59,62,71,75,79,66,62,58,58,52,63,62,63,76,71,80,81
4,新店,14,溫度,AMB_TEMP,℃,1996-02-18,12.2,11.7,11.2,11,10.6,10.6,10.5,10.5,10.5,10.3,10.8,11,11.3,11.2,10.9,10.5,10.5,10.5,10.4,10.4,10.7,10.8,10.6,10.4
5,土城,1,二氧化硫,SO2,ppb,1996-02-18,0.4,0.2,0.1,0,0,0,0,0.1,0.2,0.2,0.9,5.6,4.3,1.7,,0.9,,1.5,,0.5,,3.2,,2.7
5,土城,2,一氧化碳,CO,ppm,1996-02-18,0.43,0.35,0.33,0.28,0.29,0.29,0.3,0.39,0.45,0.45,0.53,0.65,0.65,0.65,,0.67,,0.68,,0.51,,0.46,,0.4
5,土城,3,臭氧,O3,ppb,1996-02-18,26,28,29,x,32,30,30,31,26,27,25,19,21,22,,21,,20,,25,,21,,22
5,土城,4,懸浮微粒,PM10,μg/m3,1996-02-18,9,9,9,9,9,13,11,10,9,9,9,9,17,20,,14,,13,,16,,9,,11
5,土城,5,氮氧化物,NOx,ppb,1996-02-18,11,7,6.1,4.3,4.2,4.7,x,7.9,11,11,14,21,19,18,,17,,18,,12,,15,,13
5,土城,6,一氧化氮,NO,ppb,1996-02-18,0,0,0,0,0,0,x,0,0.1,0.1,0.3,0.9,0.7,0.6,,0.5,,0.3,,0,,0,,0
5,土城,7,二氧化氮,NO2,ppb,1996-02-18,11,7,6.1,4.3,4.2,4.6,x,7.9,11,11,13,20,19,17,,17,,18,,12,,15,,13
5,土城,14,溫度,AMB_TEMP,℃,1996-02-18,13.7,13.1,12.7,12.4,12,11.8,11.4,11.2,11.1,11.2,11.4,11.5,11.7,11.7,,10.2,,10.9,,10.7,,11,,10.7
6,板橋,1,二氧化硫,SO2,ppb,1996-02-18,1.1,0.8,0.6,0.4,0.5,0.4,0.3,0.4,0.7,0.5,0.8,2.1,2.2,1.4,1.2,1.2,1.4,1.5,0.9,0.4,0.6,3,4.4,3.4
6,板橋,2,一氧化碳,CO,ppm,1996-02-18,0.41,0.27,0.21,0.18,0.18,0.23,0.24,0.3,0.46,0.49,0.61,0.71,0.71,0.68,0.67,0.72,0.68,0.77,0.61,0.44,0.5,0.54,0.54,0.45
6,板橋,3,臭氧,O3,ppb,1996-02-18,24,25,27,x,29,22,23,23,20,20,19,15,14,15,16,15,16,13,16,20,17,15,13,17
6,板橋,4,懸浮微粒,PM10,μg/m3,1996-02-18,10,10,10,16,11,10,10,10,10,10,13,24,23,23,23,17,14,10,21,18,18,14,10,10
6,板橋,5,氮氧化物,NOx,ppb,1996-02-18,19,17,13,12,13,19,x,21,26,26,30,36,39,37,34,37,33,39,30,24,28,32,35,27
6,板橋,6,一氧化氮,NO,ppb,1996-02-18,1.7,1.3,0.3,0.2,0.5,1.7,x,2.6,3.9,4.1,6.2,8.4,10,8.4,7.6,8.7,6.1,8.1,4.4,2.6,4.4,5.5,6.9,3.9
6,板橋,7,二氧化氮,NO2,ppb,1996-02-18,17,16,13,12,12,18,x,19,23,22,24,27,29,28,27,29,27,31,26,21,23,26,28,23
6,板橋,8,總碳氫化合物,THC,ppm,1996-02-18,2,2,2,2,2,2.1,2.2,2.1,2.2,2.2,2.3,2.3,2.3,2.2,2.3,2.3,2.3,2.3,2.2,2.2,2.1,2.2,2.2,2.1
6,板橋,9,非甲烷碳氫化合物,NMHC,ppm,1996-02-18,0.11,0.11,0.03,0.05,0.03,0.02,0.05,0.07,0.21,0.27,0.31,0.31,0.3,0.31,0.34,0.33,0.3,0.32,0.23,0.11,0.12,0.2,0.21,0.13
6,板橋,14,溫度,AMB_TEMP,℃,1996-02-18,13.4,13.2,12.9,12.6,12.3,12.2,12,11.7,11.7,11.6,11.6,11.5,11.8,11.7,11.8,11.3,11.3,10.9,10.8,10.7,10.8,10.9,10.8,10.7
6,板橋,21,酸雨,PH_RAIN,pH,1996-02-18,0,0,0,0,0,0,0,0,0,0,0,0,0,0,0,0,0,0,0,6,0,6.1,0,4.8
6,板橋,22,導電度,RAIN_COND,μmho/cm,1996-02-18,0,0,0,0,0,0,0,0,0,0,0,0,0,0,0,0,0,0,0,128,0,109,0,55
6,板橋,31,甲烷,CH4,ppm,1996-02-18,1.9,1.9,2,2,2,2.1,2.1,2,2,1.9,1.9,1.9,2,1.9,2,2,2,2,2,2.1,2,2,2,2
6,板橋,32,降雨強度,RAIN_INT,㎜,1996-02-18,0,0,0,0,0,0,0,0,0,0,0,0,0,0,0,0,0,0,0,0.5,0,0.5,0,2
7,新莊,1,二氧化硫,SO2,ppb,1996-02-18,x,x,x,0,0,0,0,0,0,0.1,0.3,0.5,0.9,0.6,0.3,0.4,0.7,0.7,0.4,0.1,0.1,0,0.3,0.3
7,新莊,2,一氧化碳,CO,ppm,1996-02-18,0.17,0.19,0.21,0.24,0.22,0.21,0.23,0.25,0.25,0.34,0.51,0.51,0.52,0.49,0.38,0.44,0.49,0.57,0.48,0.38,0.34,0.35,0.45,0.44
7,新莊,3,臭氧,O3,ppb,1996-02-18,35,35,34,x,37,35,34,32,32,28,24,24,23,23,25,24,25,19,24,26,27,27,22,23
7,新莊,4,懸浮微粒,PM10,μg/m3,1996-02-18,10,10,10,10,10,10,10,10,10,10,12,12,10,10,10,10,10,10,10,12,12,10,10,10
7,新莊,5,氮氧化物,NOx,ppb,1996-02-18,7.5,8.4,9.2,9.5,8,11,x,7.9,9.9,14,22,21,26,27,21,27,19,32,22,15,15,15,20,24
7,新莊,6,一氧化氮,NO,ppb,1996-02-18,2.2,3.3,3.8,4.1,4.1,6.2,x,3.2,5.6,5.6,7.3,6.3,10,12,8.8,13,4,11,7.6,3.4,5.4,5.9,6,11
7,新莊,7,二氧化氮,NO2,ppb,1996-02-18,5.2,5,5.4,5.3,4,5,x,4.7,4.3,8.8,14,15,16,15,12,14,15,21,15,11,9.6,9.6,14,14
7,新莊,8,總碳氫化合物,THC,ppm,1996-02-18,2.2,2.2,2.4,2.4,2.4,2.5,2.6,2.6,2.9,3,3.1,3,3,3,2.8,2.9,3,2.8,2.9,2.8,2.9,2.9,2.8,3
7,新莊,9,非甲烷碳氫化合物,NMHC,ppm,1996-02-18,0.21,0.17,0.42,0.46,0.49,0.41,0.43,0.46,0.52,0.61,0.63,0.65,0.55,0.64,0.54,0.55,0.66,0.66,0.57,0.56,0.53,0.49,0.55,0.54
7,新莊,10,風速,WIND_SPEED,m/sec,1996-02-18,3,2.2,2.2,1.9,2.3,2.5,2.3,1.7,2.3,2.7,3.3,3.9,3.1,3.1,2.5,3.1,3.9,2.9,3.4,3.4,3.8,3.8,3.1,2.8
7,新莊,11,風向,WIND_DIREC,degrees,1996-02-18,26,21,33,33,28,41,46,67,49,72,80,79,76,72,58,72,79,77,78,77,77,74,77,80
7,新莊,14,溫度,AMB_TEMP,℃,1996-02-18,12.2,12,11.8,11.7,11.3,11.1,11,11.4,11.3,11.5,11.9,11.8,11.9,11.7,11.3,11.1,11.4,11.1,11.1,10.8,10.8,10.9,10.9,10.7
7,新莊,31,甲烷,CH4,ppm,1996-02-18,2,2,1.9,1.9,2,2.1,2.2,2.2,2.4,2.4,2.5,2.4,2.5,2.4,2.2,2.3,2.3,2.2,2.3,2.3,2.4,2.4,2.2,2.5
8,菜寮,1,二氧化硫,SO2,ppb,1996-02-18,0.4,0.3,0.2,0.1,0.1,0.1,0.3,0.4,0.6,0.9,1,1.8,1.9,1.7,2,2.1,2.7,2.8,1.9,0.7,0.7,0.4,0.5,0.5
8,菜寮,2,一氧化碳,CO,ppm,1996-02-18,0.44,0.33,0.26,0.26,0.25,0.25,0.37,0.41,0.47,0.58,0.6,0.68,0.67,0.64,0.69,0.71,0.75,0.74,0.61,0.49,0.55,0.59,0.67,0.6
8,菜寮,3,臭氧,O3,ppb,1996-02-18,28,29,30,30,30,30,26,27,25,24,23,20,19,18,18,18,16,17,20,22,18,18,17,18
8,菜寮,4,懸浮微粒,PM10,μg/m3,1996-02-18,13,13,11,11,11,11,11,11,11,11,14,13,20,22,19,18,15,28,24,22,16,15,15,12
8,菜寮,5,氮氧化物,NOx,ppb,1996-02-18,8.5,6.9,4.7,5.3,5.1,4.4,x,10,13,16,17,21,21,22,23,25,27,25,19,16,21,21,23,21
8,菜寮,6,一氧化氮,NO,ppb,1996-02-18,0.1,0.1,0,0.1,0.1,0,x,0.3,0.9,1.3,1.8,1.8,1.8,2,2.6,2.7,2.4,1.8,0.8,0.6,1.3,1.2,1.5,1.8
8,菜寮,7,二氧化氮,NO2,ppb,1996-02-18,8.4,6.9,4.7,5.2,5,4.4,x,9.9,12,15,15,19,19,20,21,22,24,23,19,16,20,19,21,20
8,菜寮,10,風速,WIND_SPEED,m/sec,1996-02-18,2.7,2.6,3.2,3,2.3,2.2,1.9,2.7,2.6,3,3.8,3.3,2.6,2.4,2.2,3,2.8,2.7,2.6,2.8,2.7,2.9,2.6,2.7
8,菜寮,11,風向,WIND_DIREC,degrees,1996-02-18,70,64,57,76,71,61,90,71,78,83,89,85,85,90,82,92,89,88,91,87,88,94,94,101
8,菜寮,14,溫度,AMB_TEMP,℃,1996-02-18,14,13.6,13.2,13,12.7,12.6,12.4,12.4,12.4,12.1,12.2,12.2,12.2,12.1,12,11.8,11.7,11.7,11.6,11.2,11.1,11.2,11.1,11.1
9,林口,1,二氧化硫,SO2,ppb,1996-02-18,0.1,0.1,0.2,0.2,0.2,0,0,0,0,0,0,0,0,0,0,0,0,0,0,0,0,0,0,0
9,林口,2,一氧化碳,CO,ppm,1996-02-18,0,0.05,0.05,0.04,0.03,0.03,0.04,0.04,0.05,0.07,0.12,0.1,0.08,0.07,0.06,0.07,0.07,0.06,0.09,0.08,0.09,0.08,0.08,0.11
9,林口,3,臭氧,O3,ppb,1996-02-18,43,43,43,x,43,43,43,43,43,41,38,38,40,41,42,42,42,42,42,41,40,37,39,39
9,林口,4,懸浮微粒,PM10,μg/m3,1996-02-18,11,11,11,11,11,11,11,11,11,11,11,11,11,11,11,11,11,11,11,11,11,11,11,11
9,林口,5,氮氧化物,NOx,ppb,1996-02-18,1.7,1.3,1.2,0.9,0.8,0.8,x,1.2,1.5,1.9,3.8,3,2.6,2.1,1.9,1.9,2,1.8,1.8,2.1,2.4,4.3,2.8,2.8
9,林口,6,一氧化氮,NO,ppb,1996-02-18,0.1,0,0,0,0,0,x,0,0,0.1,0.1,0,0.1,0.1,0,0,0,0,0,0,0.1,0,0,0
9,林口,7,二氧化氮,NO2,ppb,1996-02-18,1.7,1.3,1.2,0.9,0.8,0.8,x,1.2,1.4,1.9,3.7,3,2.5,2.1,1.9,1.9,2,1.8,1.8,2.1,2.3,4.3,2.8,2.8
9,林口,10,風速,WIND_SPEED,m/sec,1996-02-18,5.7,5.3,5.2,5.1,4.6,5.1,4.9,4.4,4.6,4.3,2.4,3.2,3.2,4.5,4.3,4.5,4.3,4.3,3.7,3.3,2.7,2.4,2.9,2.6
9,林口,11,風向,WIND_DIREC,degrees,1996-02-18,34,22,36,31,35,32,38,34,36,42,46,37,34,35,35,36,33,36,37,41,50,44,46,60
9,林口,14,溫度,AMB_TEMP,℃,1996-02-18,8.6,8.4,8.1,8,7.8,7.7,7.6,7.8,7.8,7.8,8.3,8.5,8.6,8.4,8,7.8,7.9,7.8,7.8,7.9,8,8.1,8.2,8.2
10,淡水,1,二氧化硫,SO2,ppb,1996-02-18,0.1,0.1,0.1,0.1,0.1,0.1,0.1,0.2,0.1,0.1,0.3,0.3,0.3,0.3,0.3,0.4,0.4,0.4,0.3,0.1,0.1,0.1,0.1,0.1
10,淡水,2,一氧化碳,CO,ppm,1996-02-18,0.28,0.26,0.24,0.22,0.21,0.21,0.22,0.29,0.35,0.4,0.49,0.52,0.48,0.46,0.45,0.44,0.43,0.37,0.36,0.31,0.29,0.31,0.27,0.28
10,淡水,3,臭氧,O3,ppb,1996-02-18,33,35,35,x,35,35,35,33,32,32,31,30,31,31,31,31,31,33,33,34,35,34,35,35
10,淡水,4,懸浮微粒,PM10,μg/m3,1996-02-18,13,12,11,11,15,16,15,14,17,18,18,18,15,13,12,11,15,14,11,21,23,21,21,15
10,淡水,5,氮氧化物,NOx,ppb,1996-02-18,3.6,2.9,2.2,1.7,1.9,1.8,x,5.6,6.9,6.5,9.8,11,9.7,10,9.5,10,10,7.3,7,4.8,4,4.8,3.6,3.7
10,淡水,6,一氧化氮,NO,ppb,1996-02-18,0.3,0.3,0.2,0.1,0.1,0.2,x,0.7,1,1,1.8,1.8,1.5,1.5,1.5,1.5,1.4,0.8,0.7,0.4,0.3,0.4,0.3,0.3
10,淡水,7,二氧化氮,NO2,ppb,1996-02-18,3.3,2.6,2,1.6,1.7,1.6,x,4.9,6,5.6,8,9.3,8.2,8.6,8,8.6,8.7,6.5,6.3,4.4,3.7,4.3,3.3,3.5
10,淡水,10,風速,WIND_SPEED,m/sec,1996-02-18,,4.8,,,4.6,,,2.2,5.2,,4.6,,,3.9,,,4.4,,,3.3,2,,1.6,
10,淡水,11,風向,WIND_DIREC,degrees,1996-02-18,,45,,,45,,,45,45,,45,,,45,,,45,,,68,68,,68,
10,淡水,14,溫度,AMB_TEMP,℃,1996-02-18,10.5,10.1,9.9,9.7,9.5,9.3,9.4,9.7,9.6,9.6,9.9,10.2,10.2,10,9.6,9.5,9.5,9.4,9.5,9.6,9.8,9.8,9.9,10.1
10,淡水,38,相對濕度,RH,percent,1996-02-18,,93,,,93,,,92,91,,89,,,92,,,92,,,91,90,,90,
11,士林,1,二氧化硫,SO2,ppb,1996-02-18,x,x,x,x,x,0.1,0.1,0.1,0.1,0.2,0.3,0.4,0.5,0.6,0.3,0.5,0.7,0.7,0.5,0.3,0.1,0.1,0,x
11,士林,2,一氧化碳,CO,ppm,1996-02-18,0.25,0.18,0.18,0.17,0.15,0.17,0.17,0.22,0.24,0.3,0.36,0.44,0.34,0.33,0.28,0.32,0.34,0.3,0.27,0.26,0.28,0.27,0.3,0.29
11,士林,3,臭氧,O3,ppb,1996-02-18,34,35,35,x,36,36,35,34,34,31,30,27,29,31,32,31,30,32,32,31,31,30,30,29
11,士林,4,懸浮微粒,PM10,μg/m3,1996-02-18,11,23,21,20,17,14,14,12,11,11,11,11,11,11,20,27,28,22,15,14,44,50,43,42
11,士林,5,氮氧化物,NOx,ppb,1996-02-18,2.6,1.8,1.3,0.8,0.7,0.7,x,5.4,6.4,8.9,11,15,12,10,9,11,12,9,7.7,7.3,7.4,8.3,8.5,8
11,士林,6,一氧化氮,NO,ppb,1996-02-18,0.1,0.1,0,0,0,0,x,0.6,0.9,1.2,2.1,2.9,1.9,1.8,1.9,1.9,1.7,1.2,0.7,0.4,0.5,0.6,0.4,0.1
11,士林,7,二氧化氮,NO2,ppb,1996-02-18,2.5,1.7,1.3,0.8,0.7,0.7,x,4.8,5.5,7.6,9,12,9.6,8.7,7.1,8.9,10,7.8,7,6.9,6.8,7.7,8.1,7.9
11,士林,10,風速,WIND_SPEED,m/sec,1996-02-18,2.2,3.1,3,3.4,2.4,3.3,3.5,3.6,4.7,4.1,4.1,3.2,3.9,4.6,6.1,4.6,3.7,4.7,4,2.8,3.1,2.8,2.7,1.7
11,士林,11,風向,WIND_DIREC,degrees,1996-02-18,47,74,58,66,73,55,65,53,51,69,69,68,61,56,57,57,54,54,52,69,67,82,87,119
11,士林,14,溫度,AMB_TEMP,℃,1996-02-18,13.5,13.1,12.8,12.6,12.4,12.2,12.1,12,12,11.6,12.1,12.2,12.4,12.1,11.9,11.9,11.8,11.7,11.5,11.1,11.3,11.2,11.4,10.6
12,中山,1,二氧化硫,SO2,ppb,1996-02-18,0.5,0.5,0.4,0.4,0.5,0.1,0.1,0.3,0.4,0.6,1.2,1.4,1.3,1.4,0.9,1.3,1.4,1.6,1.2,0.8,0.3,0.4,0.4,0.3
12,中山,2,一氧化碳,CO,ppm,1996-02-18,0.45,0.33,0.32,0.28,0.27,0.3,0.35,0.38,0.47,0.61,0.77,0.84,0.77,0.8,0.6,0.84,0.69,0.8,0.68,0.53,0.54,0.63,0.68,0.7
12,中山,3,臭氧,O3,ppb,1996-02-18,28,31,31,x,33,30,29,26,26,22,19,17,19,16,21,17,18,15,18,21,21,20,18,18
12,中山,4,懸浮微粒,PM10,μg/m3,1996-02-18,11,11,11,11,11,11,11,11,11,11,11,20,19,26,24,19,18,18,16,18,18,16,15,12
12,中山,5,氮氧化物,NOx,ppb,1996-02-18,16,13,12,9.4,9.4,10,x,20,23,31,41,41,38,47,33,44,40,48,38,29,29,34,37,37
12,中山,6,一氧化氮,NO,ppb,1996-02-18,1.4,1.2,0.9,0.6,0.5,0.3,x,1.9,3.4,7,12,11,9.9,15,7.2,13,9.4,13,7.9,4.4,4.3,8.1,8.3,8.4
12,中山,7,二氧化氮,NO2,ppb,1996-02-18,14,12,11,8.8,8.9,10,x,19,20,24,28,30,28,32,26,31,31,34,30,24,25,26,28,28
12,中山,8,總碳氫化合物,THC,ppm,1996-02-18,2.1,2,1.9,2,2.1,2,1.9,1.9,2.3,2.3,2.4,2.3,2.3,2.2,2.2,2.3,2.4,2.2,2.3,2.2,2.1,2.2,2.1,2.2
12,中山,9,非甲烷碳氫化合物,NMHC,ppm,1996-02-18,0.02,0.02,0.08,0.1,0.09,0.07,0.06,0.08,0.13,0.22,0.23,0.31,0.26,0.25,0.23,0.24,0.18,0.2,0.17,0.1,0.11,0.13,0.14,0.09
12,中山,14,溫度,AMB_TEMP,℃,1996-02-18,13.5,13.1,12.8,12.5,12.2,12.1,11.8,11.8,12,11.7,11.7,11.8,11.7,11.7,11.6,11.4,11.3,11.1,11,10.8,10.8,10.9,10.9,10.8
12,中山,31,甲烷,CH4,ppm,1996-02-18,2.1,2,1.8,1.9,2,2,1.9,1.8,2.2,2.1,2.2,2,2,1.9,2,2.1,2.2,2,2.1,2.1,2,2,2,2.1
13,萬華,1,二氧化硫,SO2,ppb,1996-02-18,0.8,0.5,0.3,0.1,0,0.1,0.2,0.4,0.7,0.8,1.1,2.1,1.7,1.4,1.3,1.4,1.5,2.2,2.3,0.8,0.7,2.6,4.1,3
13,萬華,2,一氧化碳,CO,ppm,1996-02-18,0.55,0.44,0.37,0.31,0.29,0.32,0.4,0.45,0.6,0.67,0.79,0.92,0.81,0.82,0.78,0.81,0.75,0.91,0.75,0.56,0.6,0.64,0.68,0.62
13,萬華,3,臭氧,O3,ppb,1996-02-18,25,28,29,31,33,30,28,26,24,24,22,18,19,18,19,19,20,16,20,23,21,18,17,19
13,萬華,4,懸浮微粒,PM10,μg/m3,1996-02-18,10,15,10,10,10,10,10,10,14,14,13,11,24,25,20,20,17,14,19,12,10,16,10,10
13,萬華,5,氮氧化物,NOx,ppb,1996-02-18,18,14,12,9.3,8.1,9.7,x,16,22,23,27,33,32,33,32,32,29,36,29,21,24,27,29,25
13,萬華,6,一氧化氮,NO,ppb,1996-02-18,1.1,0.6,0.4,0.2,0,0.1,x,1.8,3,3.2,4.7,6.2,5.8,5.9,6,5.6,4.4,5.8,3.9,2.2,2.9,3.8,3.5,2.7
13,萬華,7,二氧化氮,NO2,ppb,1996-02-18,17,13,12,9.2,8.1,9.6,x,15,19,19,23,27,26,27,26,27,25,30,25,19,21,24,25,23
13,萬華,10,風速,WIND_SPEED,m/sec,1996-02-18,2.4,2.5,2.7,2.8,2.3,2.2,2.3,2.4,2.3,2.7,3.1,2.9,2.7,2.5,2.6,2.8,3.4,2.4,2.8,2.8,2.6,2.6,2.3,2.3
13,萬華,11,風向,WIND_DIREC,degrees,1996-02-18,78,97,85,91,89,90,97,87,81,95,97,87,88,87,80,84,84,90,86,82,89,92,105,105
13,萬華,14,溫度,AMB_TEMP,℃,1996-02-18,13.6,13,12.7,12.3,11.9,11.9,11.8,11.7,11.9,11.7,11.7,11.6,11.7,11.5,11.6,11.1,11.1,10.9,10.8,10.6,10.7,10.7,10.7,10.6
14,古亭,1,二氧化硫,SO2,ppb,1996-02-18,0.6,0.6,0.5,0.5,0.6,0.5,0.6,0.5,0.6,0.7,1,3.6,2.9,1.5,1.2,1.3,1.4,1.6,1.3,1.1,4.5,5.4,4.8,5
14,古亭,2,一氧化碳,CO,ppm,1996-02-18,0.36,0.33,0.28,0.26,0.26,0.27,0.32,0.37,0.46,0.55,0.66,0.74,0.72,0.68,0.63,0.69,0.77,0.75,0.59,0.48,0.52,0.55,0.52,0.48
14,古亭,3,臭氧,O3,ppb,1996-02-18,30,30,x,32,32,30,28,28,25,23,22,17,18,19,20,19,17,18,21,24,20,20,20,22
14,古亭,4,懸浮微粒,PM10,μg/m3,1996-02-18,13,12,12,12,12,12,12,12,12,28,24,23,32,26,21,18,15,24,25,19,28,28,24,19
14,古亭,5,氮氧化物,NOx,ppb,1996-02-18,15,14,11,11,x,12,16,17,23,27,31,38,36,34,34,38,40,39,29,22,29,30,29,26
14,古亭,6,一氧化氮,NO,ppb,1996-02-18,1.7,1.4,0.8,0.8,x,1.4,2.3,2.4,4.2,5.8,8.7,11,9.6,8.5,9,11,11,11,5.4,2.9,5.5,6.5,5.6,4.5
14,古亭,7,二氧化氮,NO2,ppb,1996-02-18,13,12,10,9.8,x,10,13,15,19,21,22,27,26,25,25,27,29,28,23,19,24,24,23,21
14,古亭,8,總碳氫化合物,THC,ppm,1996-02-18,2,2,1.9,1.9,2,x,1.9,1.9,2,2,2.1,2.1,2.1,2,2.1,2.1,2.1,2.1,2.1,2,2,2,2,2
14,古亭,9,非甲烷碳氫化合物,NMHC,ppm,1996-02-18,0.06,0.1,0.03,0.02,0.04,x,0.04,0.04,0.08,0.14,0.13,0.19,0.18,0.13,0.13,0.15,0.17,0.15,0.13,0.08,0.1,0.09,0.1,0.08
14,古亭,10,風速,WIND_SPEED,m/sec,1996-02-18,4.2,3.7,3.9,3.5,2.8,2.9,2.9,2.8,2.9,3.2,3.3,3.1,2.8,3,3.5,3.3,3,2.9,3,3,3,3.3,2.9,2.7
14,古亭,11,風向,WIND_DIREC,degrees,1996-02-18,57,64,63,67,68,70,71,70,62,71,80,74,71,69,61,63,72,74,70,66,70,77,77,81
14,古亭,14,溫度,AMB_TEMP,℃,1996-02-18,13.1,12.6,12.3,12,11.6,11.4,11.3,11.1,11.1,11.1,11.1,11,11.3,11.2,11.2,10.8,10.7,10.6,10.4,10.4,10.5,10.5,10.5,10.4
14,古亭,31,甲烷,CH4,ppm,1996-02-18,1.9,1.9,1.9,1.9,1.9,x,1.9,1.9,1.9,1.9,1.9,1.9,1.9,1.9,1.9,2,2,2,1.9,1.9,1.9,2,1.9,1.9
15,松山,1,二氧化硫,SO2,ppb,1996-02-18,0.5,0.4,0.3,0.3,0.3,0.4,0.4,0.4,0.4,0.7,1.5,2.1,1.3,1.1,0.8,1,1.2,1.1,0.9,0.9,2,4.2,5.6,4.7
15,松山,2,一氧化碳,CO,ppm,1996-02-18,0.12,0.47,0.27,0.21,0.2,0.2,0.23,0.25,0.31,0.41,0.55,0.64,0.51,0.51,0.39,0.51,0.52,0.5,0.43,0.37,0.41,0.49,0.54,0.56
15,松山,3,臭氧,O3,ppb,1996-02-18,29,29,29,31,29,29,28,28,27,23,19,14,19,21,24,19,18,20,22,24,21,16,16,17
15,松山,4,懸浮微粒,PM10,μg/m3,1996-02-18,11,11,11,11,11,11,11,11,11,11,11,11,14,15,22,17,14,11,11,11,18,16,15,21
15,松山,5,氮氧化物,NOx,ppb,1996-02-18,9.4,8.8,7.8,6.5,7.7,6.9,x,11,13,19,27,33,26,26,18,25,26,24,19,16,19,27,27,24
15,松山,6,一氧化氮,NO,ppb,1996-02-18,0.6,0.4,0.2,0.2,0.1,0.1,x,0.7,1.2,2.2,4.4,5.6,3.4,3.3,2.2,3.4,3.1,2.7,1.6,1,1.5,3.6,2.8,2.1
15,松山,7,二氧化氮,NO2,ppb,1996-02-18,8.8,8.4,7.6,6.4,7.6,6.8,x,10,11,17,23,28,23,23,16,22,23,22,18,15,18,24,24,22
15,松山,10,風速,WIND_SPEED,m/sec,1996-02-18,4.3,4.1,3.9,3.8,2.9,2.8,2.8,3.2,3.3,2.8,2.4,2.1,2.4,2.5,3.8,2.7,2.5,2.6,2.6,2.5,2.4,1.9,1.6,1.6
15,松山,11,風向,WIND_DIREC,degrees,1996-02-18,50,49,48,50,48,52,50,50,48,53,54,57,50,53,52,51,52,59,55,54,54,67,70,70
15,松山,14,溫度,AMB_TEMP,℃,1996-02-18,12.3,11.8,11.5,11.2,10.9,10.9,10.8,10.8,10.8,10.8,10.9,11,11.2,11.1,10.9,10.6,10.6,10.5,10.3,10.3,10.4,10.5,10.4,10.4
16,大同,1,二氧化硫,SO2,ppb,1996-02-18,2.9,2.9,2.1,1.7,1.5,2.1,4.5,5.4,6.6,7.1,7.8,8,6,5.9,4.7,5.6,5.7,5.5,4.9,3.7,3.3,3.2,3,2.3
16,大同,2,一氧化碳,CO,ppm,1996-02-18,1.9,2,1.6,1.36,1.33,1.43,2.1,1.98,3.02,4,4.5,4.93,3.87,4.24,3.08,3.99,4.06,3.85,3.09,2.54,2.69,3.11,3.42,2.83
16,大同,4,懸浮微粒,PM10,μg/m3,1996-02-18,11,11,11,12,11,11,10,24,26,26,28,33,36,34,33,35,32,36,41,35,24,17,15,10
16,大同,5,氮氧化物,NOx,ppb,1996-02-18,90,106,80,72,67,79,x,190,226,263,280,279,240,270,210,251,266,241,191,172,190,196,216,161
16,大同,6,一氧化氮,NO,ppb,1996-02-18,63,71,55,48,43,53,x,147,177,204,225,219,188,212,157,195,206,191,141,128,143,148,167,118
16,大同,7,二氧化氮,NO2,ppb,1996-02-18,28,35,25,24,23,x,x,44,50,59,55,60,52,58,53,56,60,50,49,44,47,48,49,43
16,大同,8,總碳氫化合物,THC,ppm,1996-02-18,3.6,3.4,3,2.9,2.7,3,3.2,3.3,3.5,3.9,4.4,4.9,3.9,4.2,3.8,4.8,4.3,4,3.9,3.6,3.1,3.4,3.8,3.5
16,大同,9,非甲烷碳氫化合物,NMHC,ppm,1996-02-18,1.37,1.12,0.82,0.68,0.52,0.82,1.05,1.13,1.35,1.69,2.21,2.67,1.71,1.98,1.73,2.65,2.1,1.8,1.65,1.35,0.92,1.23,1.53,1.3
16,大同,14,溫度,AMB_TEMP,℃,1996-02-18,13.8,13.6,13.2,12.9,12.6,12.5,12.4,12.4,12.6,12.4,12.6,12.5,12.4,12.3,12,11.9,11.9,11.7,11.6,11.2,11,11.2,11.2,11
16,大同,31,甲烷,CH4,ppm,1996-02-18,2.3,2.3,2.2,2.2,2.2,2.2,2.1,2.1,2.2,2.2,2.2,2.3,2.2,2.2,2.1,2.2,2.2,2.2,2.3,2.2,2.2,2.2,2.2,2.2
17,桃園,1,二氧化硫,SO2,ppb,1996-02-18,0,0,0,0,0,0,0,0,0,0.3,0.8,0.7,0.7,0.3,0.2,0.3,0.3,0.2,0.2,0.3,0.1,0.1,0.2,0.5
17,桃園,2,一氧化碳,CO,ppm,1996-02-18,0.14,0.14,0.12,0.11,0.1,0.1,0.14,0.17,0.22,0.37,0.53,0.58,0.44,0.37,0.3,0.34,0.37,0.34,0.31,0.29,0.38,0.39,0.38,0.33
17,桃園,3,臭氧,O3,ppb,1996-02-18,34,33,x,34,35,34,32,32,31,24,20,20,20,21,27,24,23,23,23,23,22,21,21,24
17,桃園,4,懸浮微粒,PM10,μg/m3,1996-02-18,10,10,10,10,10,10,10,16,24,21,20,17,15,13,10,10,10,13,13,19,21,15,12,10
17,桃園,5,氮氧化物,NOx,ppb,1996-02-18,4.2,4.1,3.7,4.3,3,3.8,x,8.4,11,19,24,27,23,21,15,19,21,18,17,15,19,19,18,15
17,桃園,6,一氧化氮,NO,ppb,1996-02-18,0.2,0,0.1,0.1,0.1,0.2,x,1.2,1.8,4.1,4,4.8,4.2,3.8,2.5,3.7,4.5,2.9,2.3,1.8,2,1.4,1.2,0.5
17,桃園,7,二氧化氮,NO2,ppb,1996-02-18,4,4,3.6,4.2,3,3.7,x,7.2,8.9,15,20,22,19,17,12,15,17,16,15,14,17,17,17,15
17,桃園,8,總碳氫化合物,THC,ppm,1996-02-18,2.2,2.3,2.3,2.3,2.3,2.3,2.3,2.3,2.3,2.2,2.2,2.3,2.3,2.4,2.4,2.4,2.5,2.3,2.4,2.2,2.2,2.2,2.1,2.3
17,桃園,9,非甲烷碳氫化合物,NMHC,ppm,1996-02-18,0.01,0.03,0.05,0.07,0.07,0.09,0.08,0.07,0.13,0.11,0.19,0.18,0.18,0.13,0.15,0.09,0.18,0.11,0.11,0.05,0.12,0.12,0.1,0.1
17,桃園,10,風速,WIND_SPEED,m/sec,1996-02-18,5.9,4.6,5.1,4.8,5.1,4.9,4.4,4.2,3.9,2.1,3.1,3.1,1.8,2.1,3.3,2.8,2.3,1.9,1.6,1.5,2.6,2.7,2.6,3.6
17,桃園,11,風向,WIND_DIREC,degrees,1996-02-18,24,27,25,15,26,26,28,25,28,39,77,74,39,32,24,27,26,39,34,57,76,75,66,79
17,桃園,14,溫度,AMB_TEMP,℃,1996-02-18,10.2,10.1,10,10.2,9.6,9.6,9.7,9.9,9.7,9.8,10.7,10.8,10.7,10.3,9.9,9.7,9.9,9.6,9.4,9.4,9.8,9.9,9.9,9.9
17,桃園,31,甲烷,CH4,ppm,1996-02-18,2.2,2.3,2.2,2.2,2.3,2.2,2.2,2.2,2.2,2.1,2,2.1,2.1,2.3,2.3,2.3,2.3,2.2,2.3,2.1,2.1,2,2,2.2
18,大園,1,二氧化硫,SO2,ppb,1996-02-18,0,0,0,0,0,0,0,0,0,0,0,0,0,0,0,0,0,0,0,0,0,0,0,0
18,大園,2,一氧化碳,CO,ppm,1996-02-18,0.35,0.24,0.24,0.23,0.23,0.24,0.24,0.25,0.27,0.29,0.28,0.27,0.26,0.27,0.28,0.28,0.29,0.29,0.31,0.32,0.32,0.32,0.32,0.32
18,大園,3,臭氧,O3,ppb,1996-02-18,40,41,40,x,42,42,42,43,42,41,40,40,42,42,43,43,42,42,42,42,42,42,42,38
18,大園,4,懸浮微粒,PM10,μg/m3,1996-02-18,11,11,11,11,11,16,17,14,14,19,17,13,19,16,12,11,11,12,12,12,13,17,21,17
18,大園,5,氮氧化物,NOx,ppb,1996-02-18,0,0,0,0,0,0,x,0.1,0.4,1.2,2.5,2.2,0.6,0.9,0.5,0.6,0.8,0.9,0.7,0.6,0.9,0.8,0.8,4.5
18,大園,6,一氧化氮,NO,ppb,1996-02-18,0,0,0,0,0,0,x,0,0,0,0,0,0,0,0,0,0,0,0,0,0,0,0,0.2
18,大園,7,二氧化氮,NO2,ppb,1996-02-18,0,0,0,0,0,0,x,0.1,0.4,1.2,2.5,2.2,0.6,0.9,0.5,0.6,0.8,0.9,0.7,0.6,0.9,0.8,0.8,4.4
18,大園,10,風速,WIND_SPEED,m/sec,1996-02-18,12,12,11,11,11,11,11,12,12,10,8.7,8.6,10,11,11,10,10,9.9,11,9.9,9.8,8.9,9.3,8.5
18,大園,11,風向,WIND_DIREC,degrees,1996-02-18,34,38,39,37,39,41,43,40,39,45,54,51,41,41,40,42,43,47,43,48,55,54,53,57
18,大園,14,溫度,AMB_TEMP,℃,1996-02-18,10,10.1,10,9.9,9.6,9.5,9.7,10,9.7,9.7,10.4,10.8,10.5,10.1,9.8,10,10.1,9.9,9.7,9.9,10.1,10.2,10.2,10.3
19,觀音,1,二氧化硫,SO2,ppb,1996-02-18,0,0,0,0,0,x,0,0,0,0,0,0,0,0,0,0,0,0,0,0,0,0,0,0
19,觀音,2,一氧化碳,CO,ppm,1996-02-18,0.07,0.19,0.2,0.19,0.18,0.19,0.2,0.2,0.18,0.19,0.22,0.25,0.24,0.21,0.21,0.21,0.23,0.24,0.24,0.24,0.23,0.23,0.23,0.24
19,觀音,3,臭氧,O3,ppb,1996-02-18,41,42,42,x,40,41,40,41,39,39,39,40,40,41,40,41,40,40,40,40,40,40,40,40
19,觀音,4,懸浮微粒,PM10,μg/m3,1996-02-18,16,16,12,12,12,10,9,16,33,37,27,23,18,17,13,27,25,21,16,11,10,10,11,10
19,觀音,5,氮氧化物,NOx,ppb,1996-02-18,0.8,0.7,0.7,0.5,0.6,0.6,x,1.5,1.2,1.4,1.6,1.9,1.5,1.4,1.5,1.3,1.6,1.6,1.6,1.5,1.4,1.3,1.3,1.6
19,觀音,6,一氧化氮,NO,ppb,1996-02-18,0,0,0,0,0,0,x,0.4,0,0,0.1,0.4,0.3,0.1,0.3,0.1,0.2,0.2,0.1,0.2,0.1,0.1,0.1,0.1
19,觀音,7,二氧化氮,NO2,ppb,1996-02-18,0.8,0.7,0.7,0.5,0.6,0.6,x,1.2,1.1,1.3,1.5,1.6,1.2,1.3,1.2,1.2,1.4,1.5,1.5,1.3,1.3,1.2,1.2,1.4
19,觀音,8,總碳氫化合物,THC,ppm,1996-02-18,2.2,2.2,2.1,2.1,2.1,2,2,2,2.1,2,2.1,2.1,2,2,2,2,2,2,2,2,2.1,2,2.1,2
19,觀音,9,非甲烷碳氫化合物,NMHC,ppm,1996-02-18,0.08,0.09,0.07,0.04,0.05,0.07,0.04,0.06,0.1,0.03,0.06,0.07,0.07,0.06,0.05,0.1,0.08,0.04,0.06,0.08,0.04,0.05,0.06,0.05
19,觀音,10,風速,WIND_SPEED,m/sec,1996-02-18,13,13,13,12,12,12,12,13,13,12,11,11,11,12,12,11,12,12,12,11,12,12,12,11
19,觀音,11,風向,WIND_DIREC,degrees,1996-02-18,42,43,43,45,46,49,49,43,42,48,51,50,44,43,46,48,49,50,49,51,52,51,51,54
19,觀音,14,溫度,AMB_TEMP,℃,1996-02-18,10,10.1,10,9.7,9.5,9.6,9.7,10,9.6,9.6,10.5,10.7,10.6,9.7,9.5,9.9,10.2,9.8,9.6,9.6,10.1,10,9.9,9.8
19,觀音,21,酸雨,PH_RAIN,pH,1996-02-18,0,0,0,0,0,0,0,0,0,0,0,0,0,0,0,0,0,0,0,0,0,0,5.7,5.5
19,觀音,22,導電度,RAIN_COND,μmho/cm,1996-02-18,0,0,0,0,0,0,0,0,0,0,0,0,0,0,0,0,0,0,0,0,0,0,0,0
19,觀音,31,甲烷,CH4,ppm,1996-02-18,2.2,2.1,2,2,2,1.9,2,1.9,2,2,2,2,2,2,2,2,2,2,2,2,2,2,2,1.9
19,觀音,32,降雨強度,RAIN_INT,㎜,1996-02-18,0,0,0,0,0,0,0,0,0,0,0,0,0,0,0,0,0,0,0,0,0,0,0.5,1
20,平鎮,1,二氧化硫,SO2,ppb,1996-02-18,0,0,0,0,0,0,0,0,0,0.5,0.4,0.5,0.1,0,0,0,0,0,0,0,1.7,5.6,0.7,1.7
20,平鎮,2,一氧化碳,CO,ppm,1996-02-18,0.28,0.24,0.2,0.19,0.18,0.2,0.22,0.27,0.39,0.6,0.92,1.02,0.51,0.49,0.44,0.47,0.45,0.41,0.33,0.34,0.44,0.49,0.38,0.38
20,平鎮,3,臭氧,O3,ppb,1996-02-18,30,32,33,x,36,35,35,33,30,27,20,17,24,26,28,26,26,29,31,32,25,20,26,25
20,平鎮,4,懸浮微粒,PM10,μg/m3,1996-02-18,10,20,17,17,17,15,15,10,10,10,19,16,16,16,14,17,11,13,11,10,10,10,13,11
20,平鎮,5,氮氧化物,NOx,ppb,1996-02-18,8.9,7.6,5.6,4.9,4.6,5,x,8.9,13,17,26,30,18,17,16,18,18,14,11,9.9,16,18,13,14
20,平鎮,6,一氧化氮,NO,ppb,1996-02-18,0,0,0,0,0,0,x,0.7,1.5,3.2,6.3,7.5,2.8,2.9,2.6,2.9,2.6,1.6,0.9,0.9,1.8,2,1,0.8
20,平鎮,7,二氧化氮,NO2,ppb,1996-02-18,8.9,7.6,5.6,4.9,4.6,5,x,8.3,11,14,20,22,15,15,13,15,15,13,9.9,8.9,14,17,12,13
20,平鎮,8,總碳氫化合物,THC,ppm,1996-02-18,1.8,1.7,2,1.9,1.9,1.5,1.6,1.6,1.8,1.9,2,2.4,2.1,2.1,1.6,1.7,1.7,1.8,1.8,1.8,1.7,1.9,1.7,1.8
20,平鎮,9,非甲烷碳氫化合物,NMHC,ppm,1996-02-18,0.28,0.26,0.16,0.17,0.2,0.13,0.18,0.18,0.26,0.3,0.4,0.54,0.25,0.27,0.22,0.28,0.26,0.23,0.17,0.23,0.21,0.31,0.2,0.25
20,平鎮,14,溫度,AMB_TEMP,℃,1996-02-18,12.3,12.2,12.1,12,11.7,11.6,11.6,11.9,11.6,11.8,12.2,12.5,12.5,12.3,12.1,11.8,11.9,11.6,11.6,11.6,11.8,11.8,11.8,12
20,平鎮,31,甲烷,CH4,ppm,1996-02-18,1.5,1.5,1.8,1.7,1.7,1.4,1.4,1.4,1.5,1.6,1.6,1.9,1.9,1.8,1.4,1.4,1.4,1.6,1.7,1.6,1.5,1.6,1.5,1.5
21,龍潭,1,二氧化硫,SO2,ppb,1996-02-18,0.8,0.1,0.1,0,0.3,0,0,0,0.1,0.1,0.1,2.1,1.9,0.5,0.1,0,0,0,0,0,0.5,1.4,0.2,0.4
21,龍潭,2,一氧化碳,CO,ppm,1996-02-18,0.21,0.2,0.18,0.17,0.16,0.17,0.2,0.3,0.47,0.56,0.38,0.44,0.43,0.33,0.36,0.36,0.36,0.32,0.25,0.25,0.22,0.23,0.24,0.19
21,龍潭,3,臭氧,O3,ppb,1996-02-18,36,36,36,x,39,37,35,33,29,30,35,30,29,32,32,33,32,34,35,36,36,35,34,36
21,龍潭,4,懸浮微粒,PM10,μg/m3,1996-02-18,10,10,10,10,10,10,10,10,10,10,10,11,13,19,17,13,10,16,17,17,17,12,10,12
21,龍潭,5,氮氧化物,NOx,ppb,1996-02-18,5.5,4.6,4.1,4.2,2.8,4.3,x,9,14,15,9.5,15,15,11,12,12,12,10,8.3,6.7,6.5,7.8,7.9,6
21,龍潭,6,一氧化氮,NO,ppb,1996-02-18,0.4,0.2,0.1,0.1,0.1,0.2,x,1,2.3,3,1.9,2.8,2.5,1.7,1.5,1.5,1.2,0.8,0.3,0.2,0.3,0.3,0.2,0.2
21,龍潭,7,二氧化氮,NO2,ppb,1996-02-18,5.1,4.4,4,4.1,2.7,4.2,x,8,12,12,7.5,12,13,9.6,11,10,11,9.2,8,6.5,6.2,7.5,7.7,5.8
21,龍潭,10,風速,WIND_SPEED,m/sec,1996-02-18,7.4,6.4,6.8,6.1,6.8,6.2,6.6,6.2,5.8,6.1,9.2,9.6,8.6,8.5,7.7,8.6,8.9,8.2,9.1,8.4,9.3,9.7,8.8,8.4
21,龍潭,11,風向,WIND_DIREC,degrees,1996-02-18,40,40,44,42,42,43,46,43,44,55,52,49,52,55,55,53,53,53,56,56,58,56,55,58
21,龍潭,14,溫度,AMB_TEMP,℃,1996-02-18,9.3,9.2,9,8.9,8.6,8.5,8.3,8.5,8.6,8.7,9.5,9.3,9.4,9.5,9.5,9.2,9.1,8.9,8.8,8.8,8.9,8.9,8.9,8.8
22,湖口,1,二氧化硫,SO2,ppb,1996-02-18,0,0,0,0,0,0,0,0,0,0,0,0,0,0,0.2,x,0,0,0,0,0,0,0,0
22,湖口,2,一氧化碳,CO,ppm,1996-02-18,0.23,0.24,0.24,0.23,0.21,0.2,0.23,0.24,0.25,0.29,0.31,0.29,0.26,0.27,0.27,0.26,0.25,0.26,0.25,0.25,0.25,0.25,0.25,0.25
22,湖口,3,臭氧,O3,ppb,1996-02-18,37,38,38,x,39,40,39,39,38,33,33,33,35,36,37,37,37,35,36,36,37,38,36,38
22,湖口,4,懸浮微粒,PM10,μg/m3,1996-02-18,14,15,15,11,11,12,12,20,20,19,17,13,12,20,15,25,22,17,14,11,11,11,15,15
22,湖口,5,氮氧化物,NOx,ppb,1996-02-18,3.1,2.5,2.2,1.5,1.6,1.5,x,2.9,3.7,8.9,9.4,8.9,7.3,6.1,5,6.1,6,8.3,5.7,6.1,4.4,3.5,6,3
22,湖口,6,一氧化氮,NO,ppb,1996-02-18,0.3,0.1,0.1,0,0,0,x,0.1,0.1,1,1.4,0.9,0.6,0.4,0.4,0.4,0.3,0.3,0.2,0.2,0.2,0.1,0.2,0
22,湖口,7,二氧化氮,NO2,ppb,1996-02-18,2.8,2.5,2.1,1.4,1.5,1.5,x,2.8,3.5,7.9,8,8,6.7,5.7,4.6,5.7,5.6,8,5.5,5.9,4.2,3.4,5.8,3
22,湖口,10,風速,WIND_SPEED,m/sec,1996-02-18,9.1,8.3,8.7,8.6,8.7,8.6,8.6,8.5,8.3,8.4,8.5,7.9,8,7.9,8.5,8.2,8.4,8,8.1,8.1,9.1,9,8.7,8
22,湖口,11,風向,WIND_DIREC,degrees,1996-02-18,35,39,36,37,35,40,42,35,38,44,43,40,38,38,38,34,37,39,38,41,43,43,41,44
22,湖口,14,溫度,AMB_TEMP,℃,1996-02-18,9.4,9.5,9.5,9.4,9.1,8.9,8.9,9.1,8.9,9.3,10.2,10.7,10.5,10,9.5,9.3,9.7,9.6,9.3,9.4,10,9.8,9.7,9.6
23,竹東,1,二氧化硫,SO2,ppb,1996-02-18,0,0,0,0,0,0.1,0.1,0.1,0.1,0.1,0.6,0.8,1,0.7,0.2,0,0,0.1,0.2,0.4,0.6,0.2,0.1,0
23,竹東,2,一氧化碳,CO,ppm,1996-02-18,0.21,0.22,0.18,0.16,0.15,0.15,0.16,0.2,0.25,0.25,0.24,0.27,0.27,0.26,0.26,0.26,0.26,0.22,0.21,0.2,0.21,0.21,0.21,0.18
23,竹東,3,臭氧,O3,ppb,1996-02-18,32,34,33,x,34,35,34,33,33,34,35,33,32,34,35,36,35,36,37,37,37,37,37,39
23,竹東,4,懸浮微粒,PM10,μg/m3,1996-02-18,13,11,14,16,17,12,15,12,14,12,12,11,11,11,11,11,11,11,11,11,11,11,11,11
23,竹東,5,氮氧化物,NOx,ppb,1996-02-18,7.8,5.6,5.2,4.6,4.8,4.2,x,7.2,8.5,8.6,8.6,10,11,9,8.8,8.6,8.6,7.3,6.2,6.2,5.9,5.3,5.1,3.1
23,竹東,6,一氧化氮,NO,ppb,1996-02-18,0.3,0.1,0.1,0,0,0.1,x,0.4,1.1,1.3,1.8,1.7,1.4,1.2,1.1,1.3,1.1,0.8,0.3,0.5,0.5,0.3,0.3,0.1
23,竹東,7,二氧化氮,NO2,ppb,1996-02-18,7.6,5.5,5.2,4.6,4.8,4.1,x,6.8,7.4,7.4,6.8,8.6,10,7.8,7.6,7.2,7.5,6.5,5.8,5.7,5.4,5,4.8,3
23,竹東,10,風速,WIND_SPEED,m/sec,1996-02-18,6.6,6.7,6.9,5.8,5.7,6.3,7.4,6.4,6.6,7.8,7.8,7.7,7.4,6.1,7.2,7.6,7.9,8.1,8.6,8.8,9,9,9.5,8.8
23,竹東,11,風向,WIND_DIREC,degrees,1996-02-18,29,35,29,24,31,31,31,28,26,44,45,46,45,43,40,42,40,39,38,35,38,39,40,39
23,竹東,14,溫度,AMB_TEMP,℃,1996-02-18,10.4,10.6,10.6,10.4,10.1,10.1,10.2,10.2,10,10.4,11.7,11.3,10.6,11.2,11,10.5,10.6,10.7,10.7,10.7,10.9,10.9,11,10.3
24,新竹,1,二氧化硫,SO2,ppb,1996-02-18,2.1,1.2,1,1.1,1.5,0.5,0.5,1.2,1,0.5,0.7,0.9,1.2,1.6,1.4,1.2,1.7,1.3,1.5,1.1,0.5,0.8,0.7,0.4
24,新竹,2,一氧化碳,CO,ppm,1996-02-18,0.34,0.3,0.22,0.17,0.18,0.17,0.17,0.2,0.3,0.38,0.43,0.39,0.38,0.36,0.3,0.26,0.26,0.24,0.2,0.19,0.25,0.26,0.25,0.25
24,新竹,3,臭氧,O3,ppb,1996-02-18,28,29,30,x,31,31,31,31,30,25,25,24,24,25,27,28,28,25,27,28,28,29,30,30
24,新竹,4,懸浮微粒,PM10,μg/m3,1996-02-18,10,16,14,13,12,10,10,10,10,12,10,10,11,11,10,13,13,10,10,10,10,10,10,10
24,新竹,5,氮氧化物,NOx,ppb,1996-02-18,7.7,6.8,6,5.4,5.4,5.3,x,7,8.3,14,14,14,15,14,11,12,11,13,11,9.1,8.8,7.4,6.6,6.3
24,新竹,6,一氧化氮,NO,ppb,1996-02-18,0.2,0,0,0,0,0,x,0.2,0.4,1.2,1.6,1.3,1.8,1.7,1.4,1.2,1,0.8,0.3,0.2,0.3,0.2,0.2,0.1
24,新竹,7,二氧化氮,NO2,ppb,1996-02-18,7.5,6.8,6,5.4,5.4,5.3,x,6.8,7.9,13,12,12,13,12,10,10,10,12,11,8.8,8.6,7.3,6.4,6.3
24,新竹,8,總碳氫化合物,THC,ppm,1996-02-18,2.6,2.5,2.2,2.4,2.4,2.2,2.2,2.3,2.4,2.4,2.4,2.6,2.6,2.6,2.6,2.5,2.6,2.4,2.4,2.4,2.4,2.4,2.3,2.3
24,新竹,9,非甲烷碳氫化合物,NMHC,ppm,1996-02-18,0.08,0.08,0.04,0.04,0.07,0.04,0.04,0.03,0.05,0.06,0.05,0.08,0.04,0.03,0.06,0.08,0.08,0.08,0.03,0.02,0.02,0.02,0.02,0.06
24,新竹,10,風速,WIND_SPEED,m/sec,1996-02-18,5.5,5.3,5.5,5,4.9,4.9,5.6,5.2,5.4,4.9,4.5,4.4,4.5,4.8,4.8,5.5,5.4,4.7,4.8,5.1,4.6,5.1,5,5.1
24,新竹,11,風向,WIND_DIREC,degrees,1996-02-18,36,35,36,28,35,36,34,33,34,57,48,37,38,32,34,34,32,37,39,43,51,36,39,54
24,新竹,14,溫度,AMB_TEMP,℃,1996-02-18,9.6,9.7,9.8,9.7,9.4,9.3,9.3,9.5,9.3,10,10.6,10.7,10.7,10.6,10.1,9.6,9.9,9.9,9.8,9.8,10.1,10.1,10,9.9
24,新竹,31,甲烷,CH4,ppm,1996-02-18,2.5,2.4,2.2,2.4,2.3,2.2,2.2,2.3,2.3,2.3,2.4,2.6,2.6,2.6,2.5,2.4,2.5,2.3,2.4,2.3,2.3,2.3,2.3,2.3
25,頭份,1,二氧化硫,SO2,ppb,1996-02-18,147,181,166,127,168,150,156,133,147,159,150,123,158,137,122,126,119,132,92,112,110,88,104,94
25,頭份,4,懸浮微粒,PM10,μg/m3,1996-02-18,46,41,24,31,30,24,17,16,24,21,22,21,19,30,34,31,31,26,24,22,26,22,30,25
25,頭份,5,氮氧化物,NOx,ppb,1996-02-18,47,59,52,41,53,46,x,44,47,55,51,46,55,46,41,45,45,50,35,44,43,34,39,35
25,頭份,6,一氧化氮,NO,ppb,1996-02-18,27,35,30,22,30,27,x,24,26,31,29,24,30,25,21,22,22,27,18,25,23,15,19,16
25,頭份,7,二氧化氮,NO2,ppb,1996-02-18,20,24,21,18,23,19,x,20,22,25,22,22,25,21,20,23,23,23,18,20,19,19,20,18
25,頭份,8,總碳氫化合物,THC,ppm,1996-02-18,1.9,1.4,1.5,1.5,1.5,1.2,1.3,1.3,1.5,1.5,1.6,1.6,1.6,1.6,1.6,1.6,1.6,1.5,1.6,1.6,1.6,1.6,1.6,1.5
25,頭份,9,非甲烷碳氫化合物,NMHC,ppm,1996-02-18,0.43,0,0.19,0.16,0.22,0.1,0.15,0.24,0.17,0.24,0.25,0.15,0.21,0.19,0.21,0.25,0.23,0.13,0.22,0.19,0.26,0.24,0.22,0.18
25,頭份,10,風速,WIND_SPEED,m/sec,1996-02-18,6.5,6.7,6.1,6.2,5.9,6,5.9,6.3,6.4,5.7,5.7,5.1,5,4.8,5.4,5.5,5.4,5.5,5.9,5.3,5.4,5.4,5.7,5.3
25,頭份,11,風向,WIND_DIREC,degrees,1996-02-18,355,352,356,358,358,358,359,359,359,1,359,359,360,359,360,360,2,2,1,1,360,359,360,359
25,頭份,14,溫度,AMB_TEMP,℃,1996-02-18,10.8,10.9,11,11,10.8,10.6,10.5,10.5,10.1,10.7,12,11.2,10.9,11.4,10.8,10.2,10.6,10.7,10.6,10.6,10.8,10.8,10.7,10.4
25,頭份,31,甲烷,CH4,ppm,1996-02-18,1.5,1.4,1.3,1.3,1.2,1.1,1.1,1,1.3,1.3,1.3,1.4,1.4,1.4,1.4,1.3,1.3,1.4,1.3,1.4,1.3,1.4,1.3,1.3
26,苗栗,1,二氧化硫,SO2,ppb,1996-02-18,1.9,x,1.8,2,1.6,1.3,0.7,1,1,0.4,1.9,2,1.7,2.1,1.3,1,1.8,2,1.4,1.4,1.8,2,2.1,1.7
26,苗栗,2,一氧化碳,CO,ppm,1996-02-18,0.22,x,0.17,0.15,0.15,0.14,0.14,0.16,0.21,0.27,0.34,0.38,0.35,0.33,0.33,0.3,0.3,0.3,0.23,0.25,0.29,0.27,0.26,0.25
26,苗栗,3,臭氧,O3,ppb,1996-02-18,24,x,x,x,24,23,23,23,22,21,18,16,16,17,16,18,17,18,18,18,20,19,19,19
26,苗栗,4,懸浮微粒,PM10,μg/m3,1996-02-18,14,x,x,25,13,10,10,10,10,10,10,10,11,11,17,17,17,17,20,15,16,12,15,11
26,苗栗,5,氮氧化物,NOx,ppb,1996-02-18,6.4,x,5.5,5.1,4.4,4.9,x,9.1,10,11,17,18,17,17,17,15,16,15,11,11,13,12,11,11
26,苗栗,6,一氧化氮,NO,ppb,1996-02-18,0.1,x,0,0,0,0,x,0.6,1,1.5,3.3,3,2.4,2.7,2.8,2.3,2,1.4,0.6,0.8,1.2,1,0.7,0.6
26,苗栗,7,二氧化氮,NO2,ppb,1996-02-18,6.3,x,5.5,5,4.4,4.9,x,8.5,9.4,9.8,13,15,15,14,14,12,14,14,10,11,12,11,10,11
26,苗栗,10,風速,WIND_SPEED,m/sec,1996-02-18,8.1,6.9,7,6.7,6.8,6.9,6.6,7.2,6.9,6,6.5,5.6,5.4,5.6,5.8,6.3,6.4,6,6.2,6.1,5.7,5.9,5.8,5.5
26,苗栗,11,風向,WIND_DIREC,degrees,1996-02-18,51,49,46,46,51,48,43,50,51,52,51,44,47,42,45,43,47,46,43,46,43,43,38,36
26,苗栗,14,溫度,AMB_TEMP,℃,1996-02-18,10.2,10.4,10.6,10.6,10.5,10.3,10.3,10.2,10.2,10.4,11.6,11.5,10.7,11,10.4,9.9,10,10.3,10.3,10.3,10.5,10.7,10.5,10.2
27,三義,1,二氧化硫,SO2,ppb,1996-02-18,0,0,0,0,0,0,0,0,0,0,0,0,0,0,0,0,0,0,0,0,0,0,0,0
27,三義,2,一氧化碳,CO,ppm,1996-02-18,0.24,0.18,0.2,0.19,0.16,0.15,0.18,0.2,0.19,0.21,0.29,0.26,0.27,0.27,0.3,0.3,0.3,0.24,0.24,0.22,0.22,0.23,0.22,0.23
27,三義,3,臭氧,O3,ppb,1996-02-18,25,25,23,x,27,28,27,26,27,28,24,25,23,23,22,21,21,23,23,25,26,25,26,25
27,三義,4,懸浮微粒,PM10,μg/m3,1996-02-18,11,11,11,11,16,16,13,12,11,11,13,14,14,13,20,16,15,15,12,14,13,13,11,11
27,三義,5,氮氧化物,NOx,ppb,1996-02-18,9.9,9.8,12,9.3,7.9,7.2,x,10,9.4,9.4,15,13,15,14,15,17,16,14,14,11,11,12,10,11
27,三義,6,一氧化氮,NO,ppb,1996-02-18,0.2,0,0.1,0,0,0,x,0.1,0.4,0.7,2.2,0.9,0.8,0.6,0.7,1.1,0.5,0.3,0.2,0.1,0.1,0.1,0,0
27,三義,7,二氧化氮,NO2,ppb,1996-02-18,9.7,9.8,12,9.3,7.9,7.2,x,9.9,9,8.7,13,12,14,14,15,15,16,14,14,11,11,12,10,11
27,三義,8,總碳氫化合物,THC,ppm,1996-02-18,2.1,2,2.2,2.1,2.1,2,2,2.1,1.9,1.9,2,2.1,2.1,2.1,2.2,2.2,2.2,2.1,2.1,2.1,2.1,2.1,2.1,2.1
27,三義,9,非甲烷碳氫化合物,NMHC,ppm,1996-02-18,0.04,0.02,0.01,0.01,0.02,0.03,0.02,0.01,0.02,0.07,0.04,0.03,0.04,0.03,0.05,0.01,0.06,0.02,0.06,0.07,0.03,0.01,0.03,0.04
27,三義,10,風速,WIND_SPEED,m/sec,1996-02-18,10,10,9.4,9.2,9.5,10,9.5,11,11,9.3,8.3,8.5,9.6,9.2,8.6,8.7,8.6,9.3,9.1,8.7,8.5,8.6,8.7,8.1
27,三義,11,風向,WIND_DIREC,degrees,1996-02-18,19,19,18,22,21,21,20,19,19,21,18,21,19,19,21,20,19,19,19,20,19,19,21,19
27,三義,14,溫度,AMB_TEMP,℃,1996-02-18,7.9,7.8,7.8,7.8,7.7,7.6,7.6,7.4,7.5,7.9,8.9,9.3,8.3,8.1,8,7.9,7.5,7.5,7.6,7.6,7.8,8,8,7.9
27,三義,21,酸雨,PH_RAIN,pH,1996-02-18,0,0,0,0,0,0,0,0,0,0,0,0,0,0,0,0,0,0,0,0,0,0,0,0
27,三義,22,導電度,RAIN_COND,μmho/cm,1996-02-18,0,0,0,0,0,0,0,0,0,0,0,0,0,0,0,0,0,0,0,0,0,0,0,0
27,三義,31,甲烷,CH4,ppm,1996-02-18,2.1,2,2.2,2.1,2.1,2,2,2.1,1.9,1.9,1.9,2.1,2.1,2,2.2,2.2,2.2,2.1,2.1,2.1,2.1,2.1,2.1,2.1
27,三義,32,降雨強度,RAIN_INT,㎜,1996-02-18,0,0,0,0,0,0,0,0,0,0,0,0,0,0,0,0,0,0,0,0,0,0,0,0
28,豐原,1,二氧化硫,SO2,ppb,1996-02-18,2,0.9,0.7,0.5,0.4,0.3,0.3,0.2,0.5,0.8,1,0.9,1.3,1,0.8,0.3,0.3,0.2,0.3,0.4,0.3,0.5,0.5,0.4
28,豐原,2,一氧化碳,CO,ppm,1996-02-18,0.37,0.22,0.18,0.16,0.18,0.19,0.18,0.21,0.34,0.63,0.64,0.5,0.43,0.42,0.65,0.52,0.52,0.54,0.42,0.34,0.43,0.38,0.33,0.23
28,豐原,3,臭氧,O3,ppb,1996-02-18,27,26,26,27,27,26,27,27,26,23,24,24,25,23,19,21,20,20,22,22,20,22,23,25
28,豐原,4,懸浮微粒,PM10,μg/m3,1996-02-18,12,20,16,11,11,9,13,9,11,12,9,8,17,12,18,20,14,11,13,9,8,8,8,8
28,豐原,5,氮氧化物,NOx,ppb,1996-02-18,9.7,7.7,6.7,6.3,6.8,6.6,x,9.2,12,19,19,16,15,16,24,19,19,19,16,13,17,15,13,10
28,豐原,6,一氧化氮,NO,ppb,1996-02-18,0.2,0.1,0,0,0.2,0,x,0.7,1.6,2.8,3.4,2.1,1.9,1.5,5.1,3.7,2.6,2.4,1.5,0.7,1.6,1.5,1,0.5
28,豐原,7,二氧化氮,NO2,ppb,1996-02-18,9.5,7.6,6.7,6.3,6.6,6.5,x,8.5,10,16,16,14,13,14,19,15,17,17,14,12,15,14,12,9.8
28,豐原,10,風速,WIND_SPEED,m/sec,1996-02-18,5.6,4.8,4.6,4.5,4.7,4.1,4.3,4.9,4.9,3.1,3.7,4.7,5,4.7,3.5,4.4,5,4.5,4.1,3.5,3.3,3.8,3.2,3.5
28,豐原,11,風向,WIND_DIREC,degrees,1996-02-18,5,12,11,7,7,7,3,10,10,24,1,353,1,357,5,357,6,5,2,5,358,10,9,358
28,豐原,14,溫度,AMB_TEMP,℃,1996-02-18,10.8,10.3,10.6,10.6,10.4,10.5,10.3,10.3,10.6,11.5,12.6,12.2,11.8,11,10.7,11.4,10.3,10.1,10.1,10.1,10.3,10.4,10.4,10.3
29,沙鹿,1,二氧化硫,SO2,ppb,1996-02-18,x,x,x,x,x,x,x,x,x,x,x,x,x,x,x,x,x,x,x,x,x,x,x,x
29,沙鹿,2,一氧化碳,CO,ppm,1996-02-18,x,x,x,x,x,x,x,x,x,x,x,x,x,x,x,x,x,x,x,x,x,x,x,x
29,沙鹿,3,臭氧,O3,ppb,1996-02-18,x,x,x,x,x,x,x,x,x,x,x,x,x,x,x,x,x,x,x,x,x,x,x,x
29,沙鹿,4,懸浮微粒,PM10,μg/m3,1996-02-18,x,x,x,x,x,x,x,x,x,x,x,x,x,x,x,x,x,x,x,x,x,x,x,x
29,沙鹿,5,氮氧化物,NOx,ppb,1996-02-18,x,x,x,x,x,x,x,x,x,x,x,x,x,x,x,x,x,x,x,x,x,x,x,x
29,沙鹿,6,一氧化氮,NO,ppb,1996-02-18,x,x,x,x,x,x,x,x,x,x,x,x,x,x,x,x,x,x,x,x,x,x,x,x
29,沙鹿,7,二氧化氮,NO2,ppb,1996-02-18,x,x,x,x,x,x,x,x,x,x,x,x,x,x,x,x,x,x,x,x,x,x,x,x
29,沙鹿,10,風速,WIND_SPEED,m/sec,1996-02-18,x,x,x,x,x,x,x,x,x,x,x,x,x,x,x,x,x,x,x,x,x,x,x,x
29,沙鹿,11,風向,WIND_DIREC,degrees,1996-02-18,x,x,x,x,13,11,x,x,16,13,x,x,x,x,x,x,x,x,12,16,10,11,15,8
29,沙鹿,14,溫度,AMB_TEMP,℃,1996-02-18,x,x,x,x,x,x,x,x,x,x,x,x,x,x,x,x,x,x,x,x,x,x,x,x
30,大里,1,二氧化硫,SO2,ppb,1996-02-18,0.9,0.5,0.5,0.4,0.3,0.1,0.1,0.1,0.2,0.3,0.3,0.3,0.4,0.2,0.3,0.2,0.1,0.2,0.2,0.2,0.1,0.2,0.2,0.1
30,大里,2,一氧化碳,CO,ppm,1996-02-18,0.35,0.27,0.24,0.23,0.21,0.22,0.22,0.25,0.34,0.45,0.48,0.5,0.47,0.41,0.49,0.44,0.44,0.5,0.44,0.37,0.4,0.37,0.36,0.3
30,大里,3,臭氧,O3,ppb,1996-02-18,25,26,25,x,26,25,25,26,25,25,24,22,21,19,19,23,19,17,18,19,17,19,20,21
30,大里,4,懸浮微粒,PM10,μg/m3,1996-02-18,11,25,34,22,13,16,11,16,13,10,23,30,29,26,22,19,15,17,13,17,22,19,18,17
30,大里,5,氮氧化物,NOx,ppb,1996-02-18,11,8.7,8.1,8,6.8,7.4,x,9.3,13,16,18,22,20,19,22,18,18,20,17,15,17,16,14,12
30,大里,6,一氧化氮,NO,ppb,1996-02-18,0,0,0,0,0,0,x,0.3,1.1,1.3,1.9,2.7,1.8,1.1,3.1,3.1,1,1,0.4,0.2,0.6,0.3,0.3,0.3
30,大里,7,二氧化氮,NO2,ppb,1996-02-18,11,8.6,8.1,8,6.8,7.4,x,8.9,12,15,16,19,18,18,19,15,17,19,17,15,16,15,14,12
30,大里,10,風速,WIND_SPEED,m/sec,1996-02-18,4.8,4.3,3.4,3,3.5,3.2,3.6,3.9,3.9,2.9,2.4,2.9,3,3.5,4.2,3.5,4,4,3.5,2.7,2.8,3.3,2.2,2
30,大里,11,風向,WIND_DIREC,degrees,1996-02-18,7,11,12,7,10,16,354,11,13,19,6,347,1,354,15,10,7,4,8,10,356,9,359,358
30,大里,14,溫度,AMB_TEMP,℃,1996-02-18,13.7,13.2,13.4,13.7,13.4,13.4,13,13,13.5,14.4,15.2,14.9,14.5,12.8,12.4,14.2,13.1,12.7,12.5,12.6,12.8,12.6,12.8,12.8
31,忠明,1,二氧化硫,SO2,ppb,1996-02-18,1.4,0.3,0.2,0.1,0.2,0.1,0.3,0.3,0.2,0.5,0.7,0.8,1,0.9,0.7,0.6,0.4,0.6,0.6,0.3,0.4,0.4,0.3,0.3
31,忠明,2,一氧化碳,CO,ppm,1996-02-18,0.39,0.26,0.24,0.22,0.21,0.21,0.21,0.22,0.24,0.36,0.49,0.48,0.41,0.39,0.44,0.44,0.47,0.45,0.4,0.32,0.33,0.29,0.25,0.2
31,忠明,3,臭氧,O3,ppb,1996-02-18,30,31,30,x,29,29,29,29,30,29,26,25,27,24,24,25,20,22,23,24,24,24,27,28
31,忠明,4,懸浮微粒,PM10,μg/m3,1996-02-18,22,39,38,23,16,11,11,9,18,28,24,24,31,28,27,26,19,9,24,18,13,16,17,9
31,忠明,5,氮氧化物,NOx,ppb,1996-02-18,14,10,9.9,8.7,8.5,7.7,x,10,10,13,19,20,17,18,19,18,22,19,17,14,14,15,12,10
31,忠明,6,一氧化氮,NO,ppb,1996-02-18,0.7,0.2,0.1,0.1,0.1,0.1,x,0.3,0.8,1.4,2.8,2.6,2,1.5,3.1,3.1,2.2,1.5,0.7,0.4,0.6,0.5,0.3,0.2
31,忠明,7,二氧化氮,NO2,ppb,1996-02-18,13,10,9.8,8.6,8.4,7.6,x,9.8,9.2,12,16,17,15,16,16,15,20,18,16,14,14,14,11,10
31,忠明,10,風速,WIND_SPEED,m/sec,1996-02-18,4.9,5.7,4.9,4.6,4.5,4,4.2,5.1,5.5,4.1,3,3.4,4.4,4.7,4.1,4.2,3.9,4.2,4.3,3.6,3.3,3.7,3.8,3.6
31,忠明,11,風向,WIND_DIREC,degrees,1996-02-18,9,16,13,14,15,13,6,11,15,17,3,1,4,358,11,5,11,7,10,12,360,13,11,6
31,忠明,14,溫度,AMB_TEMP,℃,1996-02-18,12.3,11.8,12.1,12.1,11.9,12,11.7,11.7,11.8,12.5,13.6,13.6,13.2,12.2,12,13.1,11.9,11.6,11.5,11.5,11.6,11.6,11.8,11.8
32,西屯,1,二氧化硫,SO2,ppb,1996-02-18,0.5,0.3,0.4,0.5,0.4,0.1,0.1,0.1,0.1,0.5,0.4,0.6,0.9,0.6,0.6,0.3,0.1,0.2,0.4,0.4,0.2,0.5,0.7,0.6
32,西屯,2,一氧化碳,CO,ppm,1996-02-18,0.21,0.2,0.2,0.19,0.18,0.18,0.18,0.19,0.24,0.32,0.3,0.29,0.28,0.26,0.31,0.29,0.28,0.32,0.29,0.26,0.24,0.22,0.21,0.2
32,西屯,3,臭氧,O3,ppb,1996-02-18,31,31,30,x,31,30,32,30,30,28,30,30,28,28,27,27,26,27,28,28,28,29,29,29
32,西屯,4,懸浮微粒,PM10,μg/m3,1996-02-18,17,19,18,16,8,11,10,8,19,23,26,27,17,20,14,13,9,18,19,11,10,8,7,7
32,西屯,5,氮氧化物,NOx,ppb,1996-02-18,5.2,4.9,5.3,5.5,5,5.2,x,6.8,8.8,13,10,10,10,10,14,13,12,12,10,9,8.5,7.7,8,7.3
32,西屯,6,一氧化氮,NO,ppb,1996-02-18,0,0,0,0,0,0,x,0.1,0.6,1.6,1.1,0.5,0.4,0.2,2.2,2,0.6,0.5,0.2,0.1,0.1,0,0.1,0
32,西屯,7,二氧化氮,NO2,ppb,1996-02-18,5.2,4.9,5.3,5.4,5,5.2,x,6.7,8.3,11,9.3,9.8,10,10,12,11,12,12,10,8.9,8.5,7.7,7.9,7.3
32,西屯,8,總碳氫化合物,THC,ppm,1996-02-18,1.7,1.7,1.8,1.8,1.8,1.7,1.8,1.8,1.8,1.9,1.8,1.9,1.9,1.9,1.9,1.9,1.9,1.9,1.9,1.9,1.8,1.9,1.8,1.8
32,西屯,9,非甲烷碳氫化合物,NMHC,ppm,1996-02-18,0.04,0.01,0.02,0.01,0.03,0.03,0.02,0.03,0.03,0.13,0.06,0.07,0.1,0.06,0.09,0.05,0.11,0.07,0.06,0.06,0.04,0.05,0.02,0.02
32,西屯,10,風速,WIND_SPEED,m/sec,1996-02-18,9.1,8.5,8.2,7.4,8,7.2,7.5,8.8,8.2,7.7,5.9,6.7,7.5,7.8,7.5,7.3,7.8,8,7.4,7,5.6,6.5,5.7,6
32,西屯,11,風向,WIND_DIREC,degrees,1996-02-18,359,4,4,3,4,5,2,4,7,13,358,355,354,356,6,360,1,2,2,6,358,1,2,356
32,西屯,14,溫度,AMB_TEMP,℃,1996-02-18,12,11.7,11.9,11.9,11.8,11.8,11.6,11.5,11.8,12.5,13.4,13.5,12.7,12.1,12.2,13,11.9,11.6,11.6,11.5,11.7,11.6,11.8,11.8
32,西屯,21,酸雨,PH_RAIN,pH,1996-02-18,0,0,0,0,0,0,0,0,0,0,0,0,0,0,0,0,0,0,0,0,0,0,0,0
32,西屯,22,導電度,RAIN_COND,μmho/cm,1996-02-18,0,0,0,0,0,0,0,0,0,0,0,0,0,0,0,0,0,0,0,0,0,0,0,0
32,西屯,31,甲烷,CH4,ppm,1996-02-18,1.7,1.7,1.8,1.8,1.8,1.7,1.7,1.8,1.8,1.7,1.7,1.8,1.8,1.8,1.8,1.8,1.8,1.8,1.9,1.9,1.8,1.8,1.8,1.8
32,西屯,32,降雨強度,RAIN_INT,㎜,1996-02-18,0,0,0,0,0,0,0,0,0,0,0,0,0,0,0,0,0,0,0,0,0,0,0,0
33,彰化,1,二氧化硫,SO2,ppb,1996-02-18,0.2,0.2,0.1,0.2,0.2,0.7,0.8,1.4,1.7,2.1,2.5,2.8,2.2,1.6,1.3,1.6,1.5,1.8,1.6,1,1.1,1.5,1.5,1.6
33,彰化,2,一氧化碳,CO,ppm,1996-02-18,0.32,0.29,0.24,0.23,0.22,0.25,0.33,0.44,0.55,0.73,0.96,0.86,0.66,0.63,0.62,0.68,0.66,0.65,0.53,0.43,0.52,0.5,0.47,0.42
33,彰化,3,臭氧,O3,ppb,1996-02-18,27,27,27,28,28,28,28,27,26,25,24,24,23,21,22,22,21,21,23,24,21,23,23,24
33,彰化,4,懸浮微粒,PM10,μg/m3,1996-02-18,37,46,46,54,43,42,23,22,24,30,44,48,46,57,58,49,49,49,43,36,29,28,29,28
33,彰化,5,氮氧化物,NOx,ppb,1996-02-18,12,10,9.2,9,8,8.3,x,16,19,25,31,30,26,27,29,30,29,28,22,16,22,21,18,18
33,彰化,6,一氧化氮,NO,ppb,1996-02-18,1,0.2,0.1,0.1,0,0.1,x,3,3.4,5.5,9,8.1,5.4,6.6,8.7,10,8,7.1,3.9,1.4,4.2,3.5,2.7,2.5
33,彰化,7,二氧化氮,NO2,ppb,1996-02-18,11,10,9.1,9,7.9,8.2,x,13,15,19,22,22,21,20,20,20,21,21,18,15,18,17,16,15
33,彰化,8,總碳氫化合物,THC,ppm,1996-02-18,2.4,2.4,2.1,2.2,2.3,2.3,2.3,2.4,2.5,2.6,2.7,2.4,2.3,2.3,2.4,2.4,2.4,2.7,2.7,2.7,2.5,2.4,2.3,2.2
33,彰化,9,非甲烷碳氫化合物,NMHC,ppm,1996-02-18,0.04,0.09,0.01,0.02,0.11,0.05,0.13,0.13,0.19,0.24,0.28,0.2,0.2,0.12,0.13,0.16,0.14,0.1,0.15,0.08,0.17,0.12,0.1,0.07
33,彰化,10,風速,WIND_SPEED,m/sec,1996-02-18,4.7,3.3,3.8,3.9,3.7,3.4,4.2,4.6,4.4,3.8,3,4.2,4.6,4.5,4.5,4.3,4.2,3.8,4.2,3.5,3.1,3.5,3.7,3.4
33,彰化,11,風向,WIND_DIREC,degrees,1996-02-18,2,4,23,14,14,17,3,4,33,17,1,356,356,359,18,355,354,359,355,20,348,356,356,358
33,彰化,14,溫度,AMB_TEMP,℃,1996-02-18,12.5,12.3,12.3,12.3,12.3,12.2,12,12,12.3,13.1,14.5,14.2,12.8,12,12.3,13.5,12.2,12,11.9,11.9,11.9,12,12.1,12
33,彰化,31,甲烷,CH4,ppm,1996-02-18,2.4,x,2.1,2.1,2.2,2.2,2.2,2.2,2.3,2.3,2.4,2.2,2.1,2.1,2.2,2.3,2.2,2.6,2.6,2.6,2.3,2.3,2.2,2.2
34,線西,1,二氧化硫,SO2,ppb,1996-02-18,1.9,2.1,1.2,1.6,1.6,1.6,0.9,1.4,1.1,0.9,1.5,1,1.9,1.3,1.2,1.3,1.6,1.6,1.1,1.2,1.4,1,1.9,2
34,線西,4,懸浮微粒,PM10,μg/m3,1996-02-18,26,50,34,64,48,44,32,9,8,22,23,23,23,23,20,20,15,21,21,17,20,12,8,15
34,線西,5,氮氧化物,NOx,ppb,1996-02-18,7.9,8.9,6.5,8,7.4,8.2,x,4.9,6.3,7.8,11,8.4,11,9.7,8.9,9.3,8.9,9.7,5.7,7.6,7.5,6.4,9.3,9.6
34,線西,6,一氧化氮,NO,ppb,1996-02-18,0.7,0.7,0.7,0.7,0.8,0.7,x,0,0.2,0.8,2.1,0.5,0.2,0.2,0.9,0.5,0.1,0.1,0,0,0,0,0,0
34,線西,7,二氧化氮,NO2,ppb,1996-02-18,7.2,8.1,5.8,7.3,6.6,7.5,x,4.9,6.1,7,9,7.9,11,9.5,8.1,8.8,8.8,9.6,5.7,7.6,7.5,6.4,9.3,9.6
34,線西,8,總碳氫化合物,THC,ppm,1996-02-18,x,x,x,x,x,x,x,x,x,x,x,x,x,x,x,x,x,x,x,x,x,x,x,x
34,線西,9,非甲烷碳氫化合物,NMHC,ppm,1996-02-18,x,x,x,x,x,x,x,x,x,x,x,x,x,x,x,x,x,x,x,x,x,x,x,x
34,線西,10,風速,WIND_SPEED,m/sec,1996-02-18,x,x,x,x,x,x,x,x,x,x,x,x,x,x,x,x,x,x,x,x,x,x,x,x
34,線西,11,風向,WIND_DIREC,degrees,1996-02-18,x,x,x,x,x,x,x,x,x,x,x,x,x,x,x,x,x,x,x,x,x,x,x,x
34,線西,14,溫度,AMB_TEMP,℃,1996-02-18,11.6,11.4,11.5,11.7,11.6,11.2,11.1,11.3,11.6,12.3,13.3,12.8,12.2,12,12.4,12.3,11.6,11.4,11.5,11.4,11.3,11.6,11.8,11.7
34,線西,31,甲烷,CH4,ppm,1996-02-18,x,x,x,x,x,x,x,x,x,x,x,x,x,x,x,x,x,x,x,x,x,x,x,x
35,二林,1,二氧化硫,SO2,ppb,1996-02-18,1.5,3.6,3.3,2.9,5.5,3,4.5,2.8,0.5,0.2,1.9,2.2,1.4,0.1,0.2,0.5,0.2,0.3,0.7,0.3,0.9,0.8,0.8,0.3
35,二林,2,一氧化碳,CO,ppm,1996-02-18,0.22,0.31,0.3,0.29,0.28,0.28,0.27,0.27,0.29,0.37,0.47,0.39,0.43,0.41,0.39,0.4,0.38,0.38,0.37,0.33,0.33,0.32,0.32,0.33
35,二林,3,臭氧,O3,ppb,1996-02-18,35,34,32,35,35,35,34,35,37,37,38,35,33,31,33,34,34,34,33,34,33,32,34,34
35,二林,4,懸浮微粒,PM10,μg/m3,1996-02-18,66,86,86,68,57,47,33,34,57,62,65,74,56,64,44,29,28,24,23,23,18,10,10,10
35,二林,5,氮氧化物,NOx,ppb,1996-02-18,4.3,4.7,5.6,4.8,4.3,4.3,x,5.1,4.4,7.5,11,10,11,9.5,8.1,7.6,7,6.7,7.7,5.3,5.9,6.8,5,5
35,二林,6,一氧化氮,NO,ppb,1996-02-18,0.1,0,0,0,0,0,x,0.1,0.1,0.6,1.2,1,0.9,0.2,0.7,0.3,0.2,0.1,0,0,0,0,0,0
35,二林,7,二氧化氮,NO2,ppb,1996-02-18,4.3,4.6,5.5,4.8,4.3,4.3,x,5,4.3,6.9,9.3,9,10,9.2,7.4,7.2,6.8,6.7,7.7,5.3,5.9,6.8,5,5
35,二林,10,風速,WIND_SPEED,m/sec,1996-02-18,9.2,8.5,7.9,8,7.9,7.1,7.4,8.5,8.4,7.2,6.4,7.1,7.6,7.3,8.1,7.4,7.8,7.8,8.1,7.7,6.3,7.4,7.7,7.7
35,二林,11,風向,WIND_DIREC,degrees,1996-02-18,20,18,23,22,23,20,17,19,22,20,17,17,22,17,27,21,18,20,21,26,17,20,22,21
35,二林,14,溫度,AMB_TEMP,℃,1996-02-18,11.9,11.5,11.5,11.6,11.6,11.3,11.1,11.3,11.7,12.8,13.6,13.6,12.7,11.4,11.7,12.3,11.5,11.2,11.2,11.1,11.1,11.2,11.5,11.4
36,南投,1,二氧化硫,SO2,ppb,1996-02-18,0,0,0,0,0,0,0,0,0,0.3,0.1,0.4,0.3,0.4,0,0.1,0.2,0.1,0,0,0,0,0,0
36,南投,2,一氧化碳,CO,ppm,1996-02-18,0.38,0.24,0.22,0.21,0.2,0.21,0.24,0.32,0.49,0.63,0.58,0.67,0.66,0.65,0.66,0.75,0.75,0.68,0.55,0.52,0.53,0.48,0.45,0.43
36,南投,3,臭氧,O3,ppb,1996-02-18,20,24,25,x,24,24,23,23,22,22,25,24,23,19,14,18,16,13,15,15,14,16,15,17
36,南投,4,懸浮微粒,PM10,μg/m3,1996-02-18,27,29,27,24,14,7,6,6,14,21,22,43,40,38,33,33,33,35,35,34,31,22,12,11
36,南投,5,氮氧化物,NOx,ppb,1996-02-18,15,10,9.2,9.4,9.1,9.1,x,13,20,24,22,26,26,26,28,30,28,27,22,21,21,19,19,18
36,南投,6,一氧化氮,NO,ppb,1996-02-18,0.7,0.2,0.1,0,0.1,0.1,x,1.6,4,4.9,4.6,4.7,4.1,3.3,5.4,6.6,3.6,3,1.9,1.7,2.1,1.4,1.3,1
36,南投,7,二氧化氮,NO2,ppb,1996-02-18,14,10,9.1,9.4,9,9,x,12,16,19,18,21,22,23,23,23,24,24,21,20,19,18,18,17
36,南投,10,風速,WIND_SPEED,m/sec,1996-02-18,2.9,3.2,2.4,1.9,2.1,1.5,2.4,2.3,2,1.7,0.5,1.7,1.9,2.5,2.2,2.3,2.7,2.4,2.3,1.3,1.1,2,1.2,1.4
36,南投,11,風向,WIND_DIREC,degrees,1996-02-18,324,325,329,333,322,330,322,327,327,330,888,339,326,329,331,334,328,319,330,328,317,323,317,328
36,南投,14,溫度,AMB_TEMP,℃,1996-02-18,13.9,13,12.9,13,13,13,12.8,12.7,12.9,13.4,14.4,15,14.5,13.4,11.9,13.5,13.3,12.5,12.1,12.1,12.1,12,12.1,12.2
37,斗六,1,二氧化硫,SO2,ppb,1996-02-18,0.6,0.7,0.4,0.5,0.8,0.5,0.7,1,1.2,1.3,1.5,2.1,1.9,1.9,1.3,1.1,2,2.5,1.1,0.7,0.6,0.6,0.5,0.3
37,斗六,2,一氧化碳,CO,ppm,1996-02-18,0.42,0.37,0.36,0.34,0.33,0.33,0.4,0.46,0.54,0.82,0.89,1.06,0.95,0.9,0.74,0.77,0.84,0.8,0.63,0.59,0.7,0.68,0.57,0.44
37,斗六,3,臭氧,O3,ppb,1996-02-18,20,23,24,22,22,23,21,22,23,20,22,24,22,17,17,20,16,15,15,16,14,12,15,18
37,斗六,4,懸浮微粒,PM10,μg/m3,1996-02-18,33,34,27,22,22,17,11,15,22,23,26,30,45,53,51,55,52,47,35,34,30,17,16,17
37,斗六,5,氮氧化物,NOx,ppb,1996-02-18,12,9.4,8.6,8.5,8.8,7.7,x,13,15,20,21,24,25,26,23,21,24,24,19,17,22,22,18,14
37,斗六,6,一氧化氮,NO,ppb,1996-02-18,1.6,0.9,0.5,0.4,0.6,0.3,x,2.7,3.4,5.4,5.9,6.1,5.3,6,6.7,6.2,5.6,5.8,3.7,3.3,6,5.5,3.6,2.1
37,斗六,7,二氧化氮,NO2,ppb,1996-02-18,11,8.5,8,8.1,8.3,7.4,x,11,11,14,15,17,20,20,16,15,18,18,16,14,16,17,14,11
37,斗六,14,溫度,AMB_TEMP,℃,1996-02-18,13.6,13,12.7,12.6,12.6,12.5,12.3,12.2,12.4,13.4,14.6,15.1,14.7,13.4,12.5,13.4,13.1,12.4,12,11.7,11.6,11.5,11.6,11.7
38,崙背,1,二氧化硫,SO2,ppb,1996-02-18,0.3,0.1,0.1,0,0.1,0.4,0.6,1.1,0.8,1.1,1.4,1.7,1.5,1.2,0.8,0.8,0.7,0.7,0.7,0.7,0.9,0.9,0.8,0.6
38,崙背,2,一氧化碳,CO,ppm,1996-02-18,0.24,0.25,0.24,0.24,0.23,0.23,0.27,0.33,0.41,0.56,0.64,0.58,0.5,0.47,0.44,0.45,0.42,0.38,0.33,0.31,0.32,0.28,0.28,0.27
38,崙背,3,臭氧,O3,ppb,1996-02-18,28,28,27,x,29,29,28,28,29,28,28,28,27,24,25,26,25,26,26,27,26,26,27,28
38,崙背,4,懸浮微粒,PM10,μg/m3,1996-02-18,60,72,69,61,49,31,20,24,31,48,61,60,57,57,52,43,41,28,25,27,20,12,11,7
38,崙背,5,氮氧化物,NOx,ppb,1996-02-18,7.4,5.7,6.4,6.4,5.7,5.6,x,9.6,11,14,18,18,16,16,15,15,15,13,12,10,11,10,9.3,7.8
38,崙背,6,一氧化氮,NO,ppb,1996-02-18,0.1,0.1,0,0,0,0.1,x,0.7,1.6,2.9,3.9,3.6,2.1,1.9,3.3,2.4,2.1,1.1,0.5,0.3,0.8,0.3,0.2,0.1
38,崙背,7,二氧化氮,NO2,ppb,1996-02-18,7.2,5.7,6.3,6.4,5.7,5.5,x,8.9,9.1,11,14,15,14,14,12,12,13,12,11,9.9,10,9.7,9,7.7
38,崙背,10,風速,WIND_SPEED,m/sec,1996-02-18,9.6,9.8,9.5,9,9.9,9.3,8.6,10,10,8.8,7.1,7.5,8.2,9,9.2,8.8,8.8,9.1,9.1,8.7,7.7,8.4,8.5,8.4
38,崙背,11,風向,WIND_DIREC,degrees,1996-02-18,19,21,24,22,19,23,17,19,21,22,22,20,23,16,27,23,19,21,22,24,19,19,23,24
38,崙背,14,溫度,AMB_TEMP,℃,1996-02-18,12.4,11.7,11.6,11.6,11.6,11.4,11.1,11.3,11.7,12.5,13.8,14.1,13.2,12,12.2,12.6,11.8,11.3,11.2,11.1,11,11.1,11.3,11.4
39,新港,1,二氧化硫,SO2,ppb,1996-02-18,0.2,0.1,0,0,0.1,0.5,0.6,0.8,0.8,0.8,1.2,1.6,2.2,1.9,1.4,1.7,1.5,1.3,1,0.9,0.7,0.8,0.9,0.9
39,新港,2,一氧化碳,CO,ppm,1996-02-18,0.38,0.3,0.32,0.3,0.29,0.31,0.29,0.34,0.37,0.5,0.45,0.43,0.43,0.46,0.49,0.55,0.46,0.42,0.4,0.38,0.41,0.36,0.35,0.34
39,新港,3,臭氧,O3,ppb,1996-02-18,28,29,27,x,27,27,28,28,28,28,30,31,31,27,25,24,25,26,25,25,23,25,25,25
39,新港,4,懸浮微粒,PM10,μg/m3,1996-02-18,57,53,57,63,44,38,35,32,34,30,49,61,68,64,77,72,54,37,31,31,24,20,33,36
39,新港,5,氮氧化物,NOx,ppb,1996-02-18,6.5,5,6,6.2,5.8,6.1,x,8,9.4,13,14,14,14,15,18,21,16,12,12,11,13,9.5,9.6,10
39,新港,6,一氧化氮,NO,ppb,1996-02-18,x,x,x,x,x,0,x,0,0.1,1.1,1.3,0.5,0.3,0.2,2.2,1.9,0.5,x,x,x,x,x,x,x
39,新港,7,二氧化氮,NO2,ppb,1996-02-18,6.5,5,6,6.2,5.8,6.1,x,8,9.3,12,13,13,14,15,16,19,16,12,12,11,13,9.5,9.6,10
39,新港,10,風速,WIND_SPEED,m/sec,1996-02-18,7.2,6.9,6.1,6.6,6.9,5.2,6.1,6.2,6.7,5.8,5.1,4.5,5.1,6.2,6,5.4,6,6.4,5.8,5.6,4.3,5.6,5.3,4.6
39,新港,11,風向,WIND_DIREC,degrees,1996-02-18,14,17,20,9,11,16,360,10,19,17,11,355,10,10,24,22,10,12,14,17,15,10,21,24
39,新港,14,溫度,AMB_TEMP,℃,1996-02-18,13,12.3,12,12,11.9,12,11.7,11.6,11.8,12.8,14.1,14.4,14.2,13.1,12,12.5,12.6,11.8,11.4,11.3,11.1,11.1,11.3,11.5
40,朴子,1,二氧化硫,SO2,ppb,1996-02-18,2.3,0.7,0.6,0.6,0.5,0.3,1.3,16,5.2,1.1,1.3,2.5,6.2,2.4,1.3,1,1.1,1.4,0.8,0.7,0.6,1.4,1.4,0.8
40,朴子,2,一氧化碳,CO,ppm,1996-02-18,0.2,0.2,0.22,0.22,0.21,0.21,0.2,0.21,0.22,0.24,0.27,0.32,0.3,0.3,0.31,0.32,0.31,0.28,0.25,0.24,0.23,0.22,0.22,0.22
40,朴子,3,臭氧,O3,ppb,1996-02-18,18,22,21,x,21,22,20,12,21,23,23,23,22,21,20,21,19,19,20,19,19,19,20,20
40,朴子,4,懸浮微粒,PM10,μg/m3,1996-02-18,55,67,67,60,44,31,31,31,47,64,60,56,49,38,45,33,27,17,16,14,19,20,14,16
40,朴子,5,氮氧化物,NOx,ppb,1996-02-18,9.6,5.1,5.3,5.6,5.2,4.8,x,20,9.4,7,8.8,12,14,11,12,11,11,10,8.8,8.6,7.6,7.9,7.2,6.4
40,朴子,6,一氧化氮,NO,ppb,1996-02-18,0,0,0,0,0,0,x,0.9,0.6,0.5,1,1.1,1.5,0.5,1.1,0.7,0.4,0.1,0,0,0,0,0,0
40,朴子,7,二氧化氮,NO2,ppb,1996-02-18,9.6,5.1,5.3,5.6,5.2,4.8,x,19,8.8,6.4,7.9,10,12,11,10,10,10,9.8,8.8,8.6,7.6,7.9,7.2,6.4
40,朴子,10,風速,WIND_SPEED,m/sec,1996-02-18,5.8,5.6,4.9,5.1,6.1,5,4.5,5.6,6,5.2,4.7,3.6,4.7,4.9,5.7,4.9,4.3,4.7,4.4,4.8,4.3,4.2,5.1,4.7
40,朴子,11,風向,WIND_DIREC,degrees,1996-02-18,27,28,30,29,28,29,24,28,32,31,31,20,28,30,34,31,28,32,30,30,30,28,33,35
40,朴子,14,溫度,AMB_TEMP,℃,1996-02-18,13.6,12.8,12.4,12.2,12.2,12.3,12,12,12.4,13.1,14.5,15,15,13.7,12.6,12.9,12.9,12.1,11.8,11.6,11.5,11.5,11.7,11.8
41,臺西,1,二氧化硫,SO2,ppb,1996-02-18,4.7,2.6,0.8,14,12,15,1.1,0.5,2.9,9.4,10,1.8,1.2,1.8,3.2,4.4,5,3.6,0.8,8.9,8.9,0.9,1.1,9.1
41,臺西,2,一氧化碳,CO,ppm,1996-02-18,0.17,0.17,0.18,0.2,0.22,0.23,0.21,0.24,0.26,0.29,0.32,0.29,0.31,0.31,0.31,0.33,0.34,0.34,0.3,0.3,0.29,0.28,0.29,0.28
41,臺西,3,臭氧,O3,ppb,1996-02-18,26,30,33,x,24,21,34,35,33,29,29,35,33,31,29,29,33,34,33,25,26,33,32,26
41,臺西,4,懸浮微粒,PM10,μg/m3,1996-02-18,90,89,106,63,34,47,54,35,58,74,80,56,95,43,55,x,28,39,45,25,16,19,30,13
41,臺西,5,氮氧化物,NOx,ppb,1996-02-18,11,6.1,2.8,17,13,18,x,2.6,6.1,12,13,6.3,6.5,8.4,12,11,8.7,6.4,5,13,11,4.1,5,9.8
41,臺西,6,一氧化氮,NO,ppb,1996-02-18,0.1,0.1,0.1,0,0.3,0.1,x,0.1,0.3,1.5,2.2,0.9,0.3,0.7,2.5,1.5,1,0.6,0.3,0.4,0.3,0.2,0.2,0
41,臺西,7,二氧化氮,NO2,ppb,1996-02-18,11,6,2.7,17,13,18,x,2.5,5.7,11,11,5.4,6.2,7.7,9.2,9.9,7.7,5.8,4.7,12,11,3.9,4.8,9.7
41,臺西,10,風速,WIND_SPEED,m/sec,1996-02-18,12,9.8,9.4,11,12,11,11,12,12,11,11,11,11,11,9.9,9.2,11,12,11,10,9.9,10,11,10
41,臺西,11,風向,WIND_DIREC,degrees,1996-02-18,28,27,28,29,29,28,26,27,29,27,26,26,29,27,29,29,25,28,29,31,27,29,29,33
41,臺西,14,溫度,AMB_TEMP,℃,1996-02-18,13.5,12.8,12.7,12.4,12.3,12,12,12.5,12.7,13,13.6,14.9,13.9,12.9,12.7,12.8,12.5,12.3,12.2,12,11.7,12.3,12.6,12.3
41,臺西,21,酸雨,PH_RAIN,pH,1996-02-18,0,0,0,0,0,0,0,0,0,0,0,0,0,0,x,0,0,0,0,0,0,0,0,0
41,臺西,22,導電度,RAIN_COND,μmho/cm,1996-02-18,0,0,0,0,0,0,0,0,0,0,0,0,0,0,x,0,0,0,0,0,0,0,0,0
41,臺西,32,降雨強度,RAIN_INT,㎜,1996-02-18,0,0,0,0,0,0,0,0,0,0,0,0,0,0,x,0,0,0,0,0,0,0,0,0
42,嘉義,1,二氧化硫,SO2,ppb,1996-02-18,1.5,1.2,1.3,1.6,1.3,1.3,1.6,1.4,2.4,3.6,4.1,4.8,5.3,5.5,3.7,3.4,4.2,4,2.4,1.6,2,1.5,1.3,1.7
42,嘉義,2,一氧化碳,CO,ppm,1996-02-18,0.44,0.36,0.35,0.33,0.34,0.32,0.34,0.45,0.61,0.7,0.78,0.79,0.77,0.72,0.85,0.82,0.92,0.79,0.67,0.58,0.67,0.57,0.51,0.48
42,嘉義,3,臭氧,O3,ppb,1996-02-18,18,18,20,x,17,20,20,21,19,22,24,22,25,22,18,19,15,13,14,14,11,13,16,15
42,嘉義,4,懸浮微粒,PM10,μg/m3,1996-02-18,35,47,47,40,41,41,32,39,35,35,45,56,50,68,64,60,60,60,54,54,50,44,27,27
42,嘉義,5,氮氧化物,NOx,ppb,1996-02-18,33,32,28,28,30,27,x,20,27,27,29,32,33,32,37,36,39,37,31,27,33,28,23,24
42,嘉義,6,一氧化氮,NO,ppb,1996-02-18,14,13,12,11,12,11,x,3.1,4.6,5.6,6.7,6.7,6,4.8,9.5,8,8.4,6.9,4.2,2.8,6,4.1,2.7,2.4
42,嘉義,7,二氧化氮,NO2,ppb,1996-02-18,19,19,16,16,19,16,x,17,22,21,22,25,27,27,27,28,31,30,27,25,27,24,21,22
42,嘉義,8,總碳氫化合物,THC,ppm,1996-02-18,2.2,2.2,2.1,2.1,2.1,2.1,2.2,2.2,2.3,2.4,2.4,2.3,2.3,2.3,2.3,2.4,2.4,2.4,2.3,2.3,2.3,2.3,2.2,2.3
42,嘉義,9,非甲烷碳氫化合物,NMHC,ppm,1996-02-18,0.1,0.13,0.11,0.09,0.16,0.17,0.17,0.24,0.35,0.38,0.41,0.37,0.38,0.35,0.28,0.32,0.38,0.34,0.34,0.29,0.33,0.28,0.24,0.25
42,嘉義,10,風速,WIND_SPEED,m/sec,1996-02-18,4.7,3.9,3.9,3.3,3.5,3.8,3.4,3.8,3.4,3.2,2.5,2.4,3.2,4.3,4,3.9,3.1,3.2,2.9,3.3,2.6,3,2.8,2.7
42,嘉義,11,風向,WIND_DIREC,degrees,1996-02-18,15,14,18,12,16,17,7,11,16,16,16,12,12,11,21,15,15,6,10,12,12,14,17,16
42,嘉義,14,溫度,AMB_TEMP,℃,1996-02-18,13.9,13.6,13.2,13.1,13,12.9,12.8,12.5,12.7,13.4,14.5,14.8,15.2,14.5,13,13.1,13.4,13,12.2,12.1,12.1,11.9,11.9,12
42,嘉義,31,甲烷,CH4,ppm,1996-02-18,2.1,2.1,2,2,2,2,2,2,2,2.1,2,1.9,2,2,2.1,2,2.1,2.1,2,2,2,2,2,2
43,新營,1,二氧化硫,SO2,ppb,1996-02-18,0.2,0.1,0.1,0.1,0.1,0.2,0.1,0.3,0.5,1.2,1.4,2.5,2.7,2.1,2.4,1.8,2.2,1,0.5,0.3,0.5,0.3,0.3,0.4
43,新營,2,一氧化碳,CO,ppm,1996-02-18,0.3,0.26,0.26,0.29,0.29,0.28,0.3,0.31,0.34,0.41,0.46,0.52,0.48,0.46,0.51,0.52,0.59,0.49,0.42,0.39,0.46,0.36,0.33,0.36
43,新營,3,臭氧,O3,ppb,1996-02-18,24,27,25,x,25,23,26,26,26,25,25,26,31,30,25,23,18,22,22,22,17,22,21,21
43,新營,4,懸浮微粒,PM10,μg/m3,1996-02-18,50,49,54,52,49,41,27,29,19,17,36,39,57,66,63,66,53,52,37,27,22,20,24,17
43,新營,5,氮氧化物,NOx,ppb,1996-02-18,10,8.2,8.4,8.7,7.6,8.9,x,8.1,9.8,15,17,19,16,16,18,20,24,16,13,13,17,11,11,12
43,新營,6,一氧化氮,NO,ppb,1996-02-18,0.1,0,0.1,0,0,0,x,0.6,1.1,2,2.2,2.4,2,1.5,2.2,2.3,2.2,1.1,0.7,0.7,1,0.6,0.5,0.4
43,新營,7,二氧化氮,NO2,ppb,1996-02-18,10,8.2,8.3,8.7,7.6,8.9,x,7.5,8.7,13,15,17,14,14,16,17,22,15,12,12,16,11,11,11
43,新營,10,風速,WIND_SPEED,m/sec,1996-02-18,3.7,3.8,4,3.8,3.8,3.9,3.7,4,3.9,3.7,3.3,2.9,3.8,3.9,3.9,3.4,2.9,3.8,3.4,3.3,2.9,3.5,3.3,3.2
43,新營,11,風向,WIND_DIREC,degrees,1996-02-18,7,11,8,7,8,7,360,6,14,12,3,6,15,3,23,11,11,6,11,9,6,8,20,23
43,新營,14,溫度,AMB_TEMP,℃,1996-02-18,14.5,14,13.4,13.2,13.1,13.1,13,12.7,12.9,13.7,14.4,15.2,15.9,15.5,14,14,14.1,13.6,12.7,12.4,12.4,12.2,12.3,12.3
44,善化,1,二氧化硫,SO2,ppb,1996-02-18,0.9,0.5,0.4,0.5,0.5,0.4,0.5,0.5,0.6,1.3,1.6,1.4,1.9,1.5,2.2,1.9,1.7,1.2,0.7,0.6,2.7,0.8,0.6,1.1
44,善化,2,一氧化碳,CO,ppm,1996-02-18,0.24,0.3,0.29,0.3,0.29,0.29,0.29,0.29,0.29,0.31,0.35,0.39,0.41,0.42,0.41,0.48,0.49,0.47,0.4,0.35,0.38,0.36,0.31,0.32
44,善化,3,臭氧,O3,ppb,1996-02-18,19,21,21,x,21,21,20,25,23,24,26,27,31,32,29,25,21,21,22,21,18,18,21,19
44,善化,4,懸浮微粒,PM10,μg/m3,1996-02-18,39,37,38,36,36,37,26,22,25,18,21,23,34,47,60,57,54,47,40,36,22,25,25,20
44,善化,5,氮氧化物,NOx,ppb,1996-02-18,12,10,10,11,8.8,8.4,x,6.2,10,11,13,14,14,13,13,15,18,16,12,11,13,12,9.8,9.9
44,善化,6,一氧化氮,NO,ppb,1996-02-18,x,x,x,x,x,x,x,0,0.4,1,1.8,2.1,2,0.7,0.5,1.1,0.9,0.1,0,0,0.1,0,0,0
44,善化,7,二氧化氮,NO2,ppb,1996-02-18,11,9.8,9.7,10,8.5,8,x,6.2,9.7,10,11,12,12,12,12,14,17,16,12,11,12,12,9.7,9.9
44,善化,10,風速,WIND_SPEED,m/sec,1996-02-18,5.4,5.3,5.1,4.6,4.6,4.5,4.3,5.1,5,4.2,4.2,3.9,4.6,5.1,5.4,5,4.9,4.5,4.7,4.2,3.6,4.3,4.5,4
44,善化,11,風向,WIND_DIREC,degrees,1996-02-18,2,6,9,5,2,3,3,7,8,9,6,5,7,357,14,10,6,6,7,6,8,3,11,18
44,善化,14,溫度,AMB_TEMP,℃,1996-02-18,14.5,14,13.4,13,12.7,12.7,12.8,12.7,12.8,13.5,14.8,15.9,17.5,16.1,14.7,14.3,13.9,13.5,12.9,12.3,12,11.9,11.8,11.9
45,安南,1,二氧化硫,SO2,ppb,1996-02-18,1.9,2,1,0.7,1,x,1,0.9,1.5,1.4,1.4,1.5,1.7,2.5,3.1,2.9,2.2,1.5,1.1,0.8,0.8,1.2,0.7,0.8
45,安南,2,一氧化碳,CO,ppm,1996-02-18,0.27,x,0.27,0.3,0.3,0.29,0.28,0.28,0.34,0.34,0.4,0.43,0.41,0.47,0.54,0.57,0.56,0.49,0.43,0.38,0.39,0.34,0.31,0.3
45,安南,3,臭氧,O3,ppb,1996-02-18,21,24,x,25,26,24,25,28,26,28,30,32,36,36,30,26,25,24,23,24,21,23,24,22
45,安南,4,懸浮微粒,PM10,μg/m3,1996-02-18,33,44,57,59,55,52,37,34,29,33,38,52,62,74,85,85,71,61,47,41,33,32,29,21
45,安南,5,氮氧化物,NOx,ppb,1996-02-18,15,13,8.8,9.3,9,10,x,8.3,12,14,15,16,14,15,18,22,20,16,16,13,15,12,12,12
45,安南,6,一氧化氮,NO,ppb,1996-02-18,0.4,0.4,0.3,0.3,0.2,0.3,x,0.2,0.5,2.3,1.8,2.2,1.2,0.5,1.4,1.9,0.8,0.3,0.2,0.3,0.5,0.1,0.1,0.3
45,安南,7,二氧化氮,NO2,ppb,1996-02-18,15,12,8.5,9,8.8,9.8,x,8.2,12,11,13,13,13,14,17,20,19,16,15,13,14,12,12,12
45,安南,10,風速,WIND_SPEED,m/sec,1996-02-18,4.5,4.6,5,4.4,4.4,4.1,3.9,4.7,4.4,4.1,3.7,3.6,3.8,4.4,4.7,4.2,4.1,4.4,4,4.2,3.4,3.8,4.2,3.7
45,安南,11,風向,WIND_DIREC,degrees,1996-02-18,5,7,12,8,9,4,2,5,9,16,14,9,2,354,18,13,8,11,8,14,12,5,17,20
45,安南,14,溫度,AMB_TEMP,℃,1996-02-18,15.2,14.6,13.9,13.4,13.2,13.2,13.3,13.1,13.2,14.2,15,16,17,16.4,15.2,14.8,14.4,14,13.5,12.9,12.7,12.5,12.4,12.4
46,臺南,1,二氧化硫,SO2,ppb,1996-02-18,1.8,1.4,1.5,1.3,1.2,0.7,0.7,1.2,1.7,2,2.9,3.1,4.4,3.7,5.9,5,3.8,2.7,1.7,1.4,1.1,1.2,0.9,1.1
46,臺南,2,一氧化碳,CO,ppm,1996-02-18,0.2,0.3,0.27,0.28,0.32,0.29,0.31,0.38,0.56,0.59,0.7,0.78,0.76,0.75,0.84,0.87,0.86,0.77,0.63,0.52,0.55,0.56,0.48,0.43
46,臺南,3,臭氧,O3,ppb,1996-02-18,14,18,20,20,19,19,19,21,20,24,22,25,29,30,26,18,16,15,14,15,13,12,14,13
46,臺南,4,懸浮微粒,PM10,μg/m3,1996-02-18,66,70,72,79,77,78,66,51,41,43,48,50,57,77,90,102,97,92,79,71,51,41,34,33
46,臺南,5,氮氧化物,NOx,ppb,1996-02-18,17,13,9.7,11,12,11,x,12,16,18,22,25,24,24,27,30,33,29,24,20,22,24,20,20
46,臺南,6,一氧化氮,NO,ppb,1996-02-18,1.5,0.9,0.4,0.6,0.9,0.3,x,1.4,2.5,4.4,5.3,6.7,4.7,3.8,4.2,5.8,6,4.9,3.2,2.3,3.2,4,3,2.7
46,臺南,7,二氧化氮,NO2,ppb,1996-02-18,15,13,9.4,11,12,11,x,11,14,13,17,19,19,21,23,24,27,24,20,18,18,20,17,17
46,臺南,8,總碳氫化合物,THC,ppm,1996-02-18,2.2,x,2.1,2.1,2.1,2,2.1,2.1,2.3,2.4,2.5,2.5,2.5,2.4,2.5,2.5,2.4,2.5,2.3,2.3,2.3,2.3,2.2,2.3
46,臺南,9,非甲烷碳氫化合物,NMHC,ppm,1996-02-18,0.12,x,0.05,0.05,0.08,0.07,0.08,0.13,0.23,0.3,0.34,0.38,0.41,0.31,0.39,0.41,0.37,0.38,0.26,0.18,0.2,0.2,0.14,0.15
46,臺南,14,溫度,AMB_TEMP,℃,1996-02-18,15.5,14.9,14.3,13.8,13.5,13.3,13.4,13.2,13.5,14.5,15.3,16.3,17.4,16.9,15.9,15.3,14.7,14.3,13.8,13.3,12.8,12.6,12.5,12.6
46,臺南,31,甲烷,CH4,ppm,1996-02-18,2,x,2,2,2,2,2,2,2.1,2.1,2.2,2.1,2.1,2.1,2.1,2.1,2.1,2.1,2.1,2.1,2.1,2.1,2.1,2.1
47,美濃,1,二氧化硫,SO2,ppb,1996-02-18,4.5,3.3,2.4,1.7,1.8,0.8,0.8,0.9,1,1.1,2.3,1.9,5.6,7.5,3.7,3.9,3.6,2.5,1.9,1.5,1.3,0.9,0.7,0.8
47,美濃,2,一氧化碳,CO,ppm,1996-02-18,0.58,0.43,0.33,0.33,0.32,0.3,0.3,0.35,0.35,0.42,0.75,0.53,0.62,0.61,0.52,0.59,0.65,0.59,0.56,0.57,0.55,0.48,0.44,0.46
47,美濃,3,臭氧,O3,ppb,1996-02-18,5.8,10,14,x,11,12,13,13,12,14,17,21,34,41,29,32,29,25,24,20,17,15,14,12
47,美濃,4,懸浮微粒,PM10,μg/m3,1996-02-18,92,95,94,79,73,65,63,70,72,58,61,75,86,104,133,142,142,142,133,119,117,101,86,70
47,美濃,5,氮氧化物,NOx,ppb,1996-02-18,29,22,16,16,16,15,x,16,17,20,25,20,25,23,19,22,25,23,22,23,22,19,18,20
47,美濃,6,一氧化氮,NO,ppb,1996-02-18,0.4,0.2,0,0,0,0,x,0.7,0.8,2.5,6.3,3.5,2.7,0.8,1.1,0.9,0.6,0.4,0.3,0.5,0.4,0.2,0.1,0.4
47,美濃,7,二氧化氮,NO2,ppb,1996-02-18,29,22,16,16,16,14,x,15,17,17,19,17,22,22,18,21,24,23,21,22,22,19,18,20
47,美濃,10,風速,WIND_SPEED,m/sec,1996-02-18,1.4,1.6,1.3,1.1,1.2,1.3,1.4,1.7,1.3,1.1,0.5,0.8,0.5,1.1,1.2,0.8,0.8,2.3,1.5,0.8,1.4,1.1,2,0.1
47,美濃,11,風向,WIND_DIREC,degrees,1996-02-18,264,281,265,256,258,259,263,269,257,292,888,291,888,212,297,241,243,272,268,240,259,252,267,190
47,美濃,14,溫度,AMB_TEMP,℃,1996-02-18,17.7,16.9,16.2,15.9,15.7,15,14.6,14.1,14.1,14.5,16.7,17.7,18.8,18.6,18.4,18,18,16.9,15.8,15.3,15,14.2,13.7,13.5
48,橋頭,1,二氧化硫,SO2,ppb,1996-02-18,3,1.9,2.7,2.4,2.9,2.2,2.7,3.2,2.6,3.5,3.4,3.8,4.2,4.2,3.7,4.1,4.7,3,2.9,3.3,3,3,2,3.1
48,橋頭,2,一氧化碳,CO,ppm,1996-02-18,0.54,0.41,0.42,0.39,0.37,0.37,0.37,0.43,0.43,0.48,0.54,0.57,0.61,0.6,0.59,0.65,0.81,0.69,0.65,0.57,0.55,0.55,0.48,0.48
48,橋頭,3,臭氧,O3,ppb,1996-02-18,12,16,13,x,14,16,15,14,19,15,17,23,32,38,32,24,18,16,13,9.9,6.8,6.8,11,6.4
48,橋頭,4,懸浮微粒,PM10,μg/m3,1996-02-18,67,58,56,58,52,48,48,48,42,33,42,47,54,68,79,89,90,88,78,64,62,44,41,35
48,橋頭,5,氮氧化物,NOx,ppb,1996-02-18,19,14,15,12,13,12,x,16,13,25,28,24,21,18,22,27,32,25,25,26,31,29,18,27
48,橋頭,6,一氧化氮,NO,ppb,1996-02-18,1.5,0.2,0.1,0.1,0.1,0.1,x,1.1,1.2,6.3,8.6,5.9,4,2.5,2.6,2.7,3.4,1.4,1.1,3.1,6.6,6.2,0.8,4.4
48,橋頭,7,二氧化氮,NO2,ppb,1996-02-18,18,14,15,12,13,12,x,15,12,18,20,18,17,16,19,24,28,23,24,23,24,23,17,22
48,橋頭,8,總碳氫化合物,THC,ppm,1996-02-18,2.1,2.1,2.1,2.1,2.1,2.1,2.1,2.1,2.1,2.1,2.2,2.2,2.3,2.2,2.1,2.1,2.3,2.3,2.3,2.2,2.1,2.2,2.1,2.1
48,橋頭,9,非甲烷碳氫化合物,NMHC,ppm,1996-02-18,x,0,0.03,0.01,0.04,0.03,0.03,0.01,0.03,0.02,0.08,0.09,0.1,0.07,0.06,0.05,0.16,0.11,0.07,0.05,0.04,0.08,0.03,0.04
48,橋頭,10,風速,WIND_SPEED,m/sec,1996-02-18,3.4,4.2,4,4,4,3.8,3.8,3.6,4.5,3.7,3,3.3,3.5,3.8,4.8,3.4,2.7,4.4,4,3.9,3.6,3,4.1,3.7
48,橋頭,11,風向,WIND_DIREC,degrees,1996-02-18,3,5,8,12,9,5,12,18,17,9,8,7,8,1,17,28,357,6,12,16,14,4,7,22
48,橋頭,14,溫度,AMB_TEMP,℃,1996-02-18,17,15.8,15.4,15,14.5,14.1,14,14.2,14.2,14.5,16,17.2,18.6,19.1,18.1,17.4,16.9,15.4,14.9,14.5,13.9,13.7,13.2,13.1
48,橋頭,21,酸雨,PH_RAIN,pH,1996-02-18,0,0,0,0,0,0,0,0,0,0,0,0,0,0,0,0,0,0,0,0,0,0,0,0
48,橋頭,22,導電度,RAIN_COND,μmho/cm,1996-02-18,0,0,0,0,0,0,0,0,0,0,0,0,0,0,0,0,0,0,0,0,0,0,0,0
48,橋頭,31,甲烷,CH4,ppm,1996-02-18,2.1,2.1,2.1,2.1,2.1,2.1,2.1,2.1,2.1,2.1,2.1,2.1,2.2,2.2,2.1,2.1,2.1,2.2,2.2,2.2,2.1,2.1,2.1,2.1
48,橋頭,32,降雨強度,RAIN_INT,㎜,1996-02-18,0,0,0,0,0,0,0,0,0,0,0,0,0,0,0,0,0,0,0,0,0,0,0,0
49,仁武,1,二氧化硫,SO2,ppb,1996-02-18,47,31,7,30,66,27,27,6.8,5.8,12,11,48,48,74,15,41,86,77,6.6,16,27,31,37,15
49,仁武,2,一氧化碳,CO,ppm,1996-02-18,0.93,0.35,0.32,0.35,0.36,0.37,0.39,0.44,0.45,0.57,0.65,0.67,0.7,0.69,0.73,0.85,1.14,1.06,0.9,0.9,0.91,0.97,0.87,0.88
49,仁武,3,臭氧,O3,ppb,1996-02-18,3,8.3,7.4,x,5.1,4.5,6.3,8.1,9.6,9.3,12,15,26,31,24,14,14,11,7.7,5.3,4.3,3.1,7.4,2.9
49,仁武,4,懸浮微粒,PM10,μg/m3,1996-02-18,77,65,53,52,52,42,47,52,43,39,26,25,37,53,56,69,78,92,84,77,66,47,46,41
49,仁武,5,氮氧化物,NOx,ppb,1996-02-18,53,28,26,27,33,36,x,25,28,59,37,66,42,33,48,80,48,36,34,45,39,55,26,46
49,仁武,6,一氧化氮,NO,ppb,1996-02-18,21,4.1,1.8,2.4,4.8,7.7,x,2.7,5.1,34,11,35,15,7.6,18,40,8.5,3.2,2.2,13,9,25,2.3,17
49,仁武,7,二氧化氮,NO2,ppb,1996-02-18,32,24,24,24,28,29,x,22,23,25,25,30,27,26,30,40,39,32,32,31,30,31,23,29
49,仁武,8,總碳氫化合物,THC,ppm,1996-02-18,2.6,2.6,x,2.5,2.5,2.4,2.4,2.4,2.5,2.5,2.6,2.5,2.6,2.6,2.6,2.9,3.1,2.7,2.6,2.6,2.7,2.9,2.6,2.7
49,仁武,9,非甲烷碳氫化合物,NMHC,ppm,1996-02-18,0.28,x,x,0.13,0.18,0.16,0.09,0.18,0.17,0.17,0.28,0.22,0.28,0.24,0.29,0.57,0.56,0.34,0.21,0.2,0.33,0.36,0.2,0.42
49,仁武,10,風速,WIND_SPEED,m/sec,1996-02-18,3.4,5.1,5.6,5,4.7,4.4,4.7,3.9,4.8,3.8,2.8,3.4,3.2,3.7,4.1,2.5,2.6,5.5,5.5,4,3.6,3.4,5.6,4
49,仁武,11,風向,WIND_DIREC,degrees,1996-02-18,348,350,353,349,352,350,350,352,352,354,344,355,350,356,358,11,348,355,353,353,354,351,355,356
49,仁武,14,溫度,AMB_TEMP,℃,1996-02-18,17.7,16.2,15.4,15.1,14.7,14.3,14,14.1,14.1,14.5,15.7,17.6,19.4,19.6,18.8,18.2,18.1,15.9,14.9,14.7,14.2,14,13.3,13.2
49,仁武,31,甲烷,CH4,ppm,1996-02-18,2.3,2.4,x,2.3,2.3,2.2,2.3,2.2,2.4,2.4,2.3,2.3,2.3,2.3,2.3,2.4,2.5,2.4,2.3,2.4,2.3,2.6,2.4,2.3
50,鳳山,1,二氧化硫,SO2,ppb,1996-02-18,39,28,28,39,61,65,47,41,25,22,21,38,26,50,24,8.3,11,47,22,24,34,74,39,21
50,鳳山,2,一氧化碳,CO,ppm,1996-02-18,0.74,0.45,0.36,0.36,0.36,0.36,0.41,0.53,0.62,0.77,0.86,0.81,0.7,0.82,0.8,0.81,1.17,1.17,0.83,0.79,0.9,0.91,0.72,0.61
50,鳳山,3,臭氧,O3,ppb,1996-02-18,2.6,2.5,2,2.9,2.3,2.2,2.4,2.5,3.8,4.7,8.9,15,29,29,26,28,18,4.8,2.3,1.9,2.1,2.7,1.9,2
50,鳳山,4,懸浮微粒,PM10,μg/m3,1996-02-18,98,99,74,65,65,65,67,58,58,62,57,66,83,87,100,97,120,147,147,125,105,77,77,61
50,鳳山,5,氮氧化物,NOx,ppb,1996-02-18,75,51,47,47,50,55,x,63,58,64,59,73,49,54,49,31,48,87,76,79,90,96,67,65
50,鳳山,6,一氧化氮,NO,ppb,1996-02-18,40,19,15,17,18,23,x,33,27,30,25,32,12,11,9.3,3.9,8,35,33,37,52,59,34,33
50,鳳山,7,二氧化氮,NO2,ppb,1996-02-18,36,32,32,30,32,32,x,31,31,34,34,42,38,43,40,27,40,52,44,42,39,37,34,31
50,鳳山,10,風速,WIND_SPEED,m/sec,1996-02-18,1.3,2.8,3.1,2.5,2.4,2.6,2.1,2.2,2.5,2.1,1.7,2.3,1.7,2,2.3,1.4,0.8,2.3,2.8,2.2,1.6,1.8,2.6,1.6
50,鳳山,11,風向,WIND_DIREC,degrees,1996-02-18,325,317,321,329,332,333,328,323,322,337,336,328,336,322,340,350,325,323,322,322,328,323,319,335
50,鳳山,14,溫度,AMB_TEMP,℃,1996-02-18,18.3,17.2,16,15.7,15.4,15,14.6,14.6,14.7,15.1,16.4,19,20.9,21.3,20.3,19.2,19.1,17.7,15.7,15.4,15,14.7,14.2,13.7
51,大寮,1,二氧化硫,SO2,ppb,1996-02-18,10,33,18,12,12,16,15,6,9.9,6.1,4.5,5.5,12,14,9.8,6.2,8,27,23,7.3,4.3,35,50,9
51,大寮,2,一氧化碳,CO,ppm,1996-02-18,0.73,0.73,0.51,0.48,0.52,0.52,0.52,0.53,0.62,0.58,0.66,0.7,0.86,0.88,0.73,0.72,0.75,0.97,0.87,0.75,0.73,0.83,0.78,0.63
51,大寮,3,臭氧,O3,ppb,1996-02-18,0.5,0.6,0.8,x,4.9,3.6,3,9.5,6.2,11,19,32,53,62,46,36,34,27,5.8,13,11,2.2,1.9,6.1
51,大寮,4,懸浮微粒,PM10,μg/m3,1996-02-18,89,93,87,71,62,57,58,57,61,66,66,72,80,93,107,107,106,110,115,111,98,92,82,66
51,大寮,5,氮氧化物,NOx,ppb,1996-02-18,37,59,33,21,26,27,x,18,28,22,19,18,25,26,23,19,20,43,49,25,22,58,74,24
51,大寮,6,一氧化氮,NO,ppb,1996-02-18,4.9,27,4.3,0.6,3.5,1,x,0.3,4.3,2.9,4.3,3.3,2,1,0.5,0.4,0.5,8.4,11,0.1,0.2,25,41,1.3
51,大寮,7,二氧化氮,NO2,ppb,1996-02-18,32,33,29,20,23,26,x,18,24,19,14,15,23,25,23,18,20,34,38,25,22,33,33,23
51,大寮,10,風速,WIND_SPEED,m/sec,1996-02-18,1.4,3,3.4,3.7,3.4,2.5,3,2.8,3.4,2.6,2,1.9,1.9,2.2,3.1,2.2,0.7,2.5,3.9,3.1,2.4,2,2.9,2.6
51,大寮,11,風向,WIND_DIREC,degrees,1996-02-18,314,318,342,339,338,343,340,340,339,340,359,347,350,340,343,346,330,330,335,346,338,332,339,351
51,大寮,14,溫度,AMB_TEMP,℃,1996-02-18,18.1,17.7,16.2,15.6,15.5,15.1,14.6,14.5,14.6,14.8,17.4,19.7,21,21.8,20.3,19.9,19.9,19,16.1,15.5,14.9,14.7,14.4,13.5
52,林園,1,二氧化硫,SO2,ppb,1996-02-18,78,51,24,36,56,66,76,58,30,31,9.3,27,48,21,19,20,16,15,33,59,24,42,69,43
52,林園,2,一氧化碳,CO,ppm,1996-02-18,0.8,1.18,0.45,0.36,0.36,0.47,0.61,0.6,0.41,0.6,0.5,0.84,1.19,0.78,0.75,0.8,0.69,0.77,1.04,0.67,0.78,1.12,2.47,0.99
52,林園,3,臭氧,O3,ppb,1996-02-18,2.2,2.3,0.9,x,0.9,1.2,1.5,1.9,2.2,6.8,21,53,42,50,50,50,58,41,5,1.9,3.8,2.6,2.1,0.8
52,林園,4,懸浮微粒,PM10,μg/m3,1996-02-18,109,117,122,105,94,77,76,81,83,89,93,97,110,130,149,153,151,149,151,153,134,117,119,115
52,林園,5,氮氧化物,NOx,ppb,1996-02-18,99,73,48,37,48,63,x,66,49,46,24,38,62,34,31,30,22,28,63,79,49,75,119,72
52,林園,6,一氧化氮,NO,ppb,1996-02-18,63,38,17,8.5,19,33,x,37,21,17,6,3.9,8.8,2.1,1.2,0.9,0.2,0.4,17,37,14,37,82,41
52,林園,7,二氧化氮,NO2,ppb,1996-02-18,36,35,31,29,29,29,x,28,28,29,18,34,53,31,30,29,21,28,46,42,34,38,37,31
52,林園,8,總碳氫化合物,THC,ppm,1996-02-18,3.4,2.7,2.8,2.4,2.6,2.9,3.2,3.2,2.8,3.1,2.3,2.4,2.6,2.4,2.3,2.4,2.2,2.4,3.1,3.2,2.8,3.6,3.5,3.1
52,林園,9,非甲烷碳氫化合物,NMHC,ppm,1996-02-18,1.17,0.59,0.33,0.12,0.41,0.54,0.76,0.79,0.48,0.86,0.19,0.13,0.37,0.14,0.11,0.27,0.06,0.15,0.7,0.83,0.48,1.27,1.09,0.67
52,林園,10,風速,WIND_SPEED,m/sec,1996-02-18,1.2,2.5,3.1,4.6,4.4,2.4,1.8,1.7,2.3,3.2,2.3,1.3,1.8,3.6,2.5,2.2,2.5,2.2,2.8,2.7,2.1,1.2,1.1,2.8
52,林園,11,風向,WIND_DIREC,degrees,1996-02-18,313,288,352,355,348,353,1,351,347,10,58,888,250,264,260,179,216,251,330,352,46,287,306,17
52,林園,14,溫度,AMB_TEMP,℃,1996-02-18,19.3,19.2,17.6,16.7,16.5,16.6,16.3,16.2,16.1,16.6,18.3,20.3,21.4,21.2,21.2,21,20.5,20,18.3,17.1,16.6,16.5,16.5,15.1
52,林園,31,甲烷,CH4,ppm,1996-02-18,2.2,2.1,2.4,2.3,2.2,2.3,2.4,2.4,2.3,2.2,2.1,2.3,2.2,2.2,2.2,2.1,2.1,2.2,2.4,2.4,2.3,2.3,2.4,2.5
53,楠梓,1,二氧化硫,SO2,ppb,1996-02-18,4.3,2.7,2.7,3.1,3,2.9,2.6,3,2.6,2.8,3,2.9,3.2,3.2,3.3,3.1,2.8,2.8,2.6,2.5,2.5,2.2,1.5,2.3
53,楠梓,2,一氧化碳,CO,ppm,1996-02-18,0.45,0.28,0.29,0.29,0.3,0.28,0.27,0.27,0.27,0.28,0.3,0.31,0.35,0.33,0.38,0.4,0.46,0.43,0.42,0.4,0.35,0.33,0.31,0.32
53,楠梓,3,臭氧,O3,ppb,1996-02-18,2.9,8.7,8.4,x,12,7,8.2,11,14,14,14,16,24,26,29,28,17,9.9,8.8,4.5,3.1,5.4,6.7,2.8
53,楠梓,4,懸浮微粒,PM10,μg/m3,1996-02-18,81,76,63,55,57,59,57,51,46,46,49,50,60,68,86,101,103,99,90,75,56,47,43,34
53,楠梓,5,氮氧化物,NOx,ppb,1996-02-18,34,24,22,20,19,26,x,19,18,21,26,33,31,34,28,23,35,36,31,32,36,30,25,34
53,楠梓,6,一氧化氮,NO,ppb,1996-02-18,4.3,2.4,0.6,0.2,0.4,2.3,x,0.9,1.4,3.3,5.9,8.4,7.3,7,3.3,1.7,4,4.2,0.4,1,5.5,3.3,1,6.2
53,楠梓,7,二氧化氮,NO2,ppb,1996-02-18,29,22,21,20,18,24,x,18,17,18,20,25,24,27,24,21,31,31,30,31,30,26,24,28
53,楠梓,8,總碳氫化合物,THC,ppm,1996-02-18,2.4,2.3,2.1,2.2,2.2,2.1,2.1,2.1,2.2,2.2,2.2,2.2,2.2,2.2,2.2,2.2,2.3,2.3,2.2,2.2,2.2,2.2,2.2,2.2
53,楠梓,9,非甲烷碳氫化合物,NMHC,ppm,1996-02-18,0.11,0.02,0.03,x,0.02,0.02,0.01,0.01,0.01,0.02,0.02,0.03,0.02,0.01,0.02,0.07,0.05,0.07,0.08,0.09,0.06,0.04,0.05,0.06
53,楠梓,10,風速,WIND_SPEED,m/sec,1996-02-18,1.1,1.6,2,1.2,1.5,1.5,1.7,1.9,1.5,1.7,1.3,1.6,1.7,1.8,2.9,2.6,0.7,1.6,2.1,1.7,1,1.1,1.6,2.2
53,楠梓,11,風向,WIND_DIREC,degrees,1996-02-18,888,888,28,888,21,20,25,33,888,31,5,17,338,888,36,34,888,888,32,30,888,352,11,37
53,楠梓,14,溫度,AMB_TEMP,℃,1996-02-18,18.1,16.6,16,15.8,15.3,15,14.7,14.8,15,15.3,16.8,18.1,19.8,20.4,19.2,18.2,18.1,16.3,15.6,15.2,14.7,14.5,13.9,13.7
53,楠梓,31,甲烷,CH4,ppm,1996-02-18,2.3,2.3,2.1,2.2,2.2,2.1,2.1,2.1,2.2,2.2,2.2,2.1,2.2,2.2,2.2,2.2,2.2,2.2,2.1,2.1,2.1,2.2,2.2,2.1
54,左營,1,二氧化硫,SO2,ppb,1996-02-18,3.5,2.1,1.8,2.2,2.1,1.6,1.6,2.2,1.7,2.6,2.7,3,3,2.9,3.2,5.7,12,3.4,2.4,2.7,2.7,2.3,1.8,2.4
54,左營,2,一氧化碳,CO,ppm,1996-02-18,0.47,0.3,0.27,0.26,0.24,0.24,0.25,0.28,0.3,0.38,0.46,0.47,0.46,0.44,0.49,0.52,0.65,0.61,0.57,0.51,0.49,0.47,0.45,0.4
54,左營,3,臭氧,O3,ppb,1996-02-18,8,15,16,x,15,16,17,14,20,17,16,31,37,45,39,27,22,18,15,6.3,5.2,10,9.2,7.6
54,左營,4,懸浮微粒,PM10,μg/m3,1996-02-18,78,67,46,38,38,48,54,44,39,37,34,40,55,72,77,76,78,79,77,73,62,51,40,22
54,左營,5,氮氧化物,NOx,ppb,1996-02-18,25,14,14,14,13,12,x,15,12,20,28,17,18,16,20,26,31,24,22,30,32,21,20,24
54,左營,6,一氧化氮,NO,ppb,1996-02-18,2.7,0,0,0.1,0,0,x,0.6,0.9,4.6,7.2,3.4,3.6,2.1,2.3,2.6,2.4,0.8,0.5,2.6,5.4,1,0.6,3
54,左營,7,二氧化氮,NO2,ppb,1996-02-18,23,14,14,14,13,12,x,14,11,16,20,14,15,13,18,23,28,23,22,28,27,19,20,21
54,左營,8,總碳氫化合物,THC,ppm,1996-02-18,2.3,2.2,2.1,2.1,2.2,2.2,2.2,2.2,2.2,2.2,2.2,2.3,2.3,2.3,2.3,2.7,2.6,2.4,2.4,2.4,2.6,2.3,2.2,2.4
54,左營,9,非甲烷碳氫化合物,NMHC,ppm,1996-02-18,0.02,0,0.02,0.02,0.01,0.02,0.02,0.02,0.06,0.11,0.11,0.1,0.08,0.07,0.11,0.2,0.29,0.23,0.13,0.18,0.09,0.08,0.07,0.08
54,左營,10,風速,WIND_SPEED,m/sec,1996-02-18,3.7,5.1,4.9,4.2,3.8,4.7,4.6,3.9,5.2,4.3,3.8,4.1,3.8,4.6,4.9,3.3,2.9,4.9,4.8,4.2,3.7,3.2,4.8,4
54,左營,11,風向,WIND_DIREC,degrees,1996-02-18,342,344,349,344,343,348,354,351,5,1,355,5,346,351,15,13,337,344,357,358,354,334,347,359
54,左營,14,溫度,AMB_TEMP,℃,1996-02-18,17,15.6,15,14.7,14.1,13.7,13.6,13.7,13.7,13.9,14.9,16.6,18,18.4,17.9,17.1,16.9,15.3,14.5,14.2,13.8,13.3,12.9,12.7
54,左營,31,甲烷,CH4,ppm,1996-02-18,2.3,2.2,2.1,2.1,2.2,2.2,2.2,2.2,2.1,2.1,2.1,2.2,2.2,2.2,2.2,2.5,2.3,2.2,2.2,2.2,2.5,2.2,2.2,2.3
56,前金,1,二氧化硫,SO2,ppb,1996-02-18,6.8,5,4.4,4.7,4.7,4.9,4.6,3.9,3.7,4.4,5.8,7.9,7.2,7.3,7.9,11,23,9,4.7,3.6,4.7,6.7,5.1,3.1
56,前金,2,一氧化碳,CO,ppm,1996-02-18,0.61,0.49,0.37,0.33,0.29,0.31,0.34,0.41,0.5,0.63,0.75,0.72,0.68,0.71,0.85,0.97,1.05,0.92,0.71,0.65,0.74,0.66,0.61,0.58
56,前金,3,臭氧,O3,ppb,1996-02-18,5.8,9.8,13,x,13,13,14,13,16,17,16,26,37,40,38,20,12,12,14,9.8,5.7,6.7,6.4,8.6
56,前金,4,懸浮微粒,PM10,μg/m3,1996-02-18,102,96,81,73,70,63,62,62,61,60,57,56,81,95,101,104,115,122,106,91,83,63,53,42
56,前金,5,氮氧化物,NOx,ppb,1996-02-18,28,21,16,16,17,17,x,16,16,18,27,23,21,21,25,40,50,33,25,26,29,27,26,21
56,前金,6,一氧化氮,NO,ppb,1996-02-18,2.2,1.3,0.5,0.3,0.2,0.4,x,1.5,2.4,3.4,6.9,6.2,3.5,3,3,5.7,8.1,3.8,1.6,1.6,3.9,3.8,3.2,2.3
56,前金,7,二氧化氮,NO2,ppb,1996-02-18,25,20,16,16,16,16,x,15,14,15,20,17,17,18,22,34,41,30,23,24,26,23,23,19
56,前金,10,風速,WIND_SPEED,m/sec,1996-02-18,3.2,3.7,4.6,4.6,4.1,3.8,2.7,2.8,3.4,3,2.5,2.7,3.1,2.9,2.9,2.4,1.8,3.3,3.6,3.4,2.6,2.6,4,3.2
56,前金,11,風向,WIND_DIREC,degrees,1996-02-18,346,355,353,356,352,344,349,344,345,339,340,338,331,336,337,339,332,341,341,342,340,343,342,341
56,前金,14,溫度,AMB_TEMP,℃,1996-02-18,17.4,16.4,15.4,15,14.6,14.2,14.1,14,14.2,14.4,15.5,17.7,18.8,19.7,19.3,18.1,17.9,16.2,15,14.6,14.2,13.8,13.4,13.1
57,前鎮,1,二氧化硫,SO2,ppb,1996-02-18,7.7,4.3,2.8,2.8,2.8,2.4,2.4,3.2,2.8,5.2,20,12,16,7.1,12,39,24,9.5,4.1,3.7,5.3,4.2,4.5,3.1
57,前鎮,4,懸浮微粒,PM10,μg/m3,1996-02-18,71,76,57,57,52,41,49,57,55,55,48,48,64,82,83,97,131,130,116,101,81,63,48,52
57,前鎮,5,氮氧化物,NOx,ppb,1996-02-18,46,26,21,21,21,20,x,30,25,41,63,44,45,30,41,76,68,46,36,41,57,42,35,37
57,前鎮,6,一氧化氮,NO,ppb,1996-02-18,13,2.7,1.8,1.7,1.5,1.5,x,6.1,4.8,13,27,13,9.4,4,5.7,21,14,7.8,5.3,6.8,22,12,7.4,9.8
57,前鎮,7,二氧化氮,NO2,ppb,1996-02-18,33,23,19,19,19,19,x,24,20,28,36,31,36,26,36,55,54,38,31,34,35,30,27,27
57,前鎮,8,總碳氫化合物,THC,ppm,1996-02-18,2.7,2.4,2.1,2.2,2.2,2.3,2.3,2.5,2.1,2.6,2.8,2.7,2.7,2.3,2.5,2.6,2.8,2.6,2.4,2.6,2.7,2.6,2.5,2.5
57,前鎮,9,非甲烷碳氫化合物,NMHC,ppm,1996-02-18,0.38,0.24,x,0,0.01,0,0,0.03,0.05,0.09,0.3,0.15,0.15,0.07,0.08,0.31,0.36,0.11,0.09,0.07,0.17,0.07,0.07,0.05
57,前鎮,14,溫度,AMB_TEMP,℃,1996-02-18,17.6,16.2,15.4,15.1,14.7,14.3,14,14.1,14.1,14.6,15.7,18.2,19.7,19.9,19.6,18.9,18.6,16.5,15.1,14.8,14.5,13.8,13.5,13.2
57,前鎮,31,甲烷,CH4,ppm,1996-02-18,2.3,x,2.1,2.2,2.2,2.3,2.3,2.5,2.1,2.5,2.5,2.5,2.6,2.3,2.4,2.3,2.5,2.4,2.3,2.6,2.6,2.5,2.4,2.5
58,小港,1,二氧化硫,SO2,ppb,1996-02-18,68,14,6.4,14,13,14,20,59,28,33,27,43,39,27,29,14,8.2,15,11,56,66,,8.6,42
58,小港,2,一氧化碳,CO,ppm,1996-02-18,0.84,0.67,0.48,0.52,0.47,0.51,0.56,0.81,0.8,0.86,0.93,1.02,0.94,0.94,1.03,1.03,0.97,1.29,0.96,1.04,1.14,,0.85,0.82
58,小港,3,臭氧,O3,ppb,1996-02-18,3.4,6.5,x,1.3,1.2,1.6,2.1,3.7,2.9,4.1,6.9,16,24,34,25,21,21,8.6,3.9,3.2,3.4,,3.1,2.3
58,小港,4,懸浮微粒,PM10,μg/m3,1996-02-18,84,76,76,65,66,58,62,64,68,65,67,71,75,83,94,105,104,112,122,103,87,,63,61
58,小港,5,氮氧化物,NOx,ppb,1996-02-18,84,37,33,55,44,52,x,102,86,83,87,80,71,56,67,54,40,73,69,111,119,,48,97
58,小港,6,一氧化氮,NO,ppb,1996-02-18,46,8,5,22,12,20,x,65,51,44,44,27,16,7.6,12,8.9,3.6,18,24,64,74,,15,60
58,小港,7,二氧化氮,NO2,ppb,1996-02-18,38,29,28,33,31,32,x,38,36,39,43,53,55,48,56,45,36,55,45,47,46,,33,37
58,小港,8,總碳氫化合物,THC,ppm,1996-02-18,2.3,2.1,2.1,2.2,2.2,2.3,2.4,2.4,2.3,2,2.1,2.4,2.1,2.1,2.2,2.1,2.2,2.5,2.4,2.3,x,,1.9,2
58,小港,9,非甲烷碳氫化合物,NMHC,ppm,1996-02-18,0.48,0.24,x,0.25,0.29,0.26,0.39,0.43,0.4,0.42,0.6,0.58,0.45,0.42,0.43,0.41,0.36,0.63,0.46,0.45,x,,0.4,0.42
58,小港,10,風速,WIND_SPEED,m/sec,1996-02-18,2.5,3.7,4.5,3.4,3.4,3.3,3,3.1,3.6,3.5,3.1,2.4,2.8,3.6,3.3,2.8,1.4,2.7,4,2.8,x,,3.2,3.4
58,小港,11,風向,WIND_DIREC,degrees,1996-02-18,1,332,344,351,350,344,352,357,346,360,356,348,359,337,349,6,359,334,345,359,x,,339,6
58,小港,14,溫度,AMB_TEMP,℃,1996-02-18,19.4,18.7,17.5,17.3,17.1,16.7,16.3,16.2,16.3,16.6,18.1,21.4,22.8,22.9,22.2,20.9,20.5,19.7,17.4,17.1,x,,15.8,15.3
58,小港,21,酸雨,PH_RAIN,pH,1996-02-18,0,0,0,0,0,0,0,0,0,0,0,0,0,0,0,0,0,0,0,0,x,,0,0
58,小港,22,導電度,RAIN_COND,μmho/cm,1996-02-18,0,0,0,0,0,0,0,0,0,0,0,0,0,0,0,0,0,0,0,0,x,,0,0
58,小港,31,甲烷,CH4,ppm,1996-02-18,1.8,1.9,2.1,2,1.9,2,2,1.9,1.9,1.6,1.5,1.8,1.7,1.7,1.8,1.7,1.8,1.8,1.9,1.8,x,,1.5,1.6
58,小港,32,降雨強度,RAIN_INT,㎜,1996-02-18,0,0,0,0,0,0,0,0,0,0,0,0,0,0,0,0,0,0,0,0,x,,0,0
59,屏東,1,二氧化硫,SO2,ppb,1996-02-18,6.7,5.5,3.3,2.8,2.3,2.3,2.6,3.3,3.6,3,2.9,3.8,5.5,6.1,4.3,4.2,8.9,7.3,4.1,4,3.1,2.1,2,2
59,屏東,2,一氧化碳,CO,ppm,1996-02-18,0.79,0.61,0.52,0.4,0.37,0.37,0.38,0.44,0.5,0.55,0.69,0.69,0.76,0.76,0.66,0.7,1.18,1.02,0.73,0.77,0.9,0.81,0.69,0.67
59,屏東,3,臭氧,O3,ppb,1996-02-18,3.2,4.6,8.5,x,10,9.1,9.1,8,8.5,11,13,22,36,40,32,29,28,24,16,15,11,8.9,8.6,8.7
59,屏東,4,懸浮微粒,PM10,μg/m3,1996-02-18,107,107,84,61,57,60,54,60,45,43,46,62,75,93,112,113,98,120,135,115,107,106,98,84
59,屏東,5,氮氧化物,NOx,ppb,1996-02-18,40,32,25,23,22,23,x,23,23,23,28,27,27,27,25,24,37,34,29,29,30,27,25,23
59,屏東,6,一氧化氮,NO,ppb,1996-02-18,2.8,1.8,1.2,0.9,0.9,1,x,1.6,2.3,3.6,6.5,5.2,3.1,1.6,1.7,1,1.6,0.8,0.8,0.6,1,1.2,1.3,0.9
59,屏東,7,二氧化氮,NO2,ppb,1996-02-18,38,30,24,22,21,22,x,21,20,19,22,21,24,26,23,23,35,33,28,28,29,26,23,22
59,屏東,8,總碳氫化合物,THC,ppm,1996-02-18,3,x,4.2,2.5,2.5,2.4,2.4,2.5,2.7,2.6,2.8,2.8,2.8,2.7,2.6,2.7,3.1,3.1,2.8,2.8,3.1,3,2.8,2.8
59,屏東,9,非甲烷碳氫化合物,NMHC,ppm,1996-02-18,0.18,x,1.75,0.13,0.09,0.05,0.06,0.19,0.24,0.17,0.31,0.29,0.31,0.26,0.21,0.33,0.63,0.55,0.36,0.34,0.5,0.42,0.21,0.29
59,屏東,10,風速,WIND_SPEED,m/sec,1996-02-18,1.1,2,1.2,1.3,1.3,1,1.2,1,1.7,1.1,0.7,1,0.8,1,1.6,1.3,0.6,1.8,1.8,0.7,0.9,1.2,1.7,0.8
59,屏東,11,風向,WIND_DIREC,degrees,1996-02-18,276,302,314,315,305,303,284,307,288,329,338,316,31,36,7,349,888,311,319,319,283,288,302,318
59,屏東,14,溫度,AMB_TEMP,℃,1996-02-18,18.4,17.3,16.7,16.2,15.9,15.7,15.2,15,14.8,14.9,16.5,18.2,19.6,19.7,19.3,19,19.1,18.6,16.3,16.3,15.8,15,14.5,14.1
59,屏東,31,甲烷,CH4,ppm,1996-02-18,2.8,2.8,2.5,2.4,2.4,2.4,2.4,2.3,2.5,2.4,2.5,2.5,2.5,2.5,2.4,2.4,2.5,2.5,2.4,2.5,2.6,2.6,2.6,2.5
60,潮州,1,二氧化硫,SO2,ppb,1996-02-18,12,8.1,13,4.3,3.5,2.9,3.8,4.7,4.4,4.4,6,9.4,13,17,17,12,9.8,7.7,11,4.4,3.4,2.8,9.3,12
60,潮州,2,一氧化碳,CO,ppm,1996-02-18,0.63,0.65,0.52,0.43,0.41,0.41,0.43,0.46,0.48,0.5,0.58,0.64,0.68,0.75,0.71,0.6,0.57,0.56,0.65,0.71,0.73,0.74,0.7,0.62
60,潮州,3,臭氧,O3,ppb,1996-02-18,3.6,4.3,2.9,x,6.4,6.3,4.4,5.3,8.1,9.8,18,32,53,57,60,65,63,55,27,11,9.6,9.4,4.7,3.1
60,潮州,4,懸浮微粒,PM10,μg/m3,1996-02-18,161,134,120,97,83,85,73,69,77,77,76,79,100,112,121,128,136,143,141,130,131,129,113,94
60,潮州,5,氮氧化物,NOx,ppb,1996-02-18,41,35,37,18,15,14,x,21,21,23,25,24,22,24,24,17,16,14,35,29,28,27,38,40
60,潮州,6,一氧化氮,NO,ppb,1996-02-18,3.4,3.9,9.3,0.7,0.3,0.3,x,1.9,2.8,4.9,5.4,2.9,0.7,0.4,0.4,0.1,0.1,0.1,5.2,0.8,1.1,1.2,6.7,7.9
60,潮州,7,二氧化氮,NO2,ppb,1996-02-18,38,31,28,17,15,14,x,19,18,18,19,21,21,23,24,17,16,14,30,28,27,26,31,32
60,潮州,10,風速,WIND_SPEED,m/sec,1996-02-18,0.7,1.1,1.8,1.2,1.4,1.1,1,1.2,1.4,1.7,1.2,1.1,1.4,1.8,1.6,2.1,1.7,1.5,1.9,1.3,0.6,1.5,1.4,1.2
60,潮州,11,風向,WIND_DIREC,degrees,1996-02-18,301,304,318,314,324,315,297,315,306,327,322,301,254,213,200,208,205,226,307,331,318,311,312,319
60,潮州,14,溫度,AMB_TEMP,℃,1996-02-18,20.2,19.8,18.2,17.5,17.2,17.1,17.1,16.6,16.7,17.5,20.1,22.3,22.8,22,21.7,21.3,21.3,20.9,19.1,17.7,17.4,16.5,16.2,15.6
61,恆春,1,二氧化硫,SO2,ppb,1996-02-18,0.2,0.2,0.1,0.1,0.1,0,0,0,0,0,0,0,0,0,0,0,0,0,0,0,0,0,0,0
61,恆春,2,一氧化碳,CO,ppm,1996-02-18,0.08,0.23,0.2,0.17,0.18,0.17,0.16,0.17,0.18,0.17,0.16,0.16,0.15,0.15,0.15,0.15,0.15,0.15,0.15,0.15,0.14,0.14,0.15,0.15
61,恆春,3,臭氧,O3,ppb,1996-02-18,51,50,49,x,47,47,46,44,44,44,45,45,45,45,46,45,44,44,44,44,44,45,45,45
61,恆春,4,懸浮微粒,PM10,μg/m3,1996-02-18,43,30,19,15,14,12,15,12,13,21,18,16,14,14,17,14,20,17,15,20,12,11,12,17
61,恆春,5,氮氧化物,NOx,ppb,1996-02-18,0.2,0,0,0,0.1,0.1,x,0.1,0.1,0.1,0.1,0.2,0.1,0,0.1,0,0,0,0.1,0.1,0,0,0,0
61,恆春,6,一氧化氮,NO,ppb,1996-02-18,0,0,0,0,0,0,x,0,0,0,0,0,0,0,0,0,0,0,0,0,0,0,0,0
61,恆春,7,二氧化氮,NO2,ppb,1996-02-18,0.2,0,0,0,0.1,0.1,x,0.1,0.1,0.1,0.1,0.2,0.1,0,0.1,0,0,0,0.1,0.1,0,0,0,0
61,恆春,10,風速,WIND_SPEED,m/sec,1996-02-18,10,11,14,15,14,15,16,16,15,15,17,17,15,15,14,15,14,16,16,14,15,16,15,15
61,恆春,11,風向,WIND_DIREC,degrees,1996-02-18,36,32,29,29,31,35,31,34,33,35,39,37,36,36,36,37,39,41,42,38,39,36,35,38
61,恆春,14,溫度,AMB_TEMP,℃,1996-02-18,21.2,20.6,19.7,19.1,18.9,18.7,18.5,18.6,18.7,19,19.2,19.5,19.9,19.8,19,18.6,18.4,17.7,17.1,17.1,17.3,17.3,17,16.9
61,恆春,21,酸雨,PH_RAIN,pH,1996-02-18,0,0,0,0,0,0,0,0,0,0,0,0,0,0,0,0,0,0,0,0,0,0,0,0
61,恆春,22,導電度,RAIN_COND,μmho/cm,1996-02-18,0,0,0,0,0,0,0,0,0,0,0,0,0,0,0,0,0,0,0,0,0,0,0,0
61,恆春,32,降雨強度,RAIN_INT,㎜,1996-02-18,0,0,0,0,0,0,0,0,0,0,0,0,0,0,0,0,0,0,0,0,0,0,0,0
62,臺東,1,二氧化硫,SO2,ppb,1996-02-18,x,x,x,x,x,x,x,0.2,0.2,0.3,0.2,0.4,0.3,0.1,0.1,0.1,0.2,0.3,0.4,0,0,0,0,0
62,臺東,2,一氧化碳,CO,ppm,1996-02-18,0.24,0.17,0.15,0.13,0.13,0.15,0.19,0.4,0.46,0.65,0.58,0.5,0.41,0.37,0.35,0.35,0.39,0.36,0.37,0.28,0.31,0.3,0.29,0.24
62,臺東,3,臭氧,O3,ppb,1996-02-18,38,39,39,39,38,36,35,28,29,25,26,31,34,35,35,34,32,30,28,29,27,27,29,30
62,臺東,4,懸浮微粒,PM10,μg/m3,1996-02-18,21,12,11,12,25,22,x,x,10,10,16,17,25,28,25,24,20,21,17,11,11,11,11,11
62,臺東,5,氮氧化物,NOx,ppb,1996-02-18,3,2.2,1.7,1.6,1.7,2.2,x,8.5,9.3,14,12,12,9.8,8.8,8.7,9.7,11,9.4,12,7.6,9.4,10,9.4,8
62,臺東,6,一氧化氮,NO,ppb,1996-02-18,0.2,0.2,0.1,0.1,0.2,0.3,x,1,1.5,2.9,2.2,2.4,2.2,2.3,2.2,2.3,2.4,0.9,1.8,0.6,1.3,1.5,1.3,1
62,臺東,7,二氧化氮,NO2,ppb,1996-02-18,2.8,1.9,1.6,1.5,1.6,1.9,x,7.5,7.8,11,10,9.3,7.6,6.5,6.5,7.4,8.4,8.5,9.8,7,8,8.4,8.1,6.9
62,臺東,8,總碳氫化合物,THC,ppm,1996-02-18,1.9,1.9,1.9,1.9,1.9,1.9,1.9,2.1,2.1,2.3,2.2,2.1,2.1,2,2,2.1,2.1,2.1,2.1,2.1,2.1,2.1,2.1,2
62,臺東,9,非甲烷碳氫化合物,NMHC,ppm,1996-02-18,x,x,x,x,x,x,x,0.11,0.05,0.22,0.22,0.09,0.12,0.05,0.02,0.07,0.07,0.03,0.06,0.02,0.06,0.02,0.06,0.03
62,臺東,10,風速,WIND_SPEED,m/sec,1996-02-18,4.8,6.2,4.9,5.4,5.8,4.9,4.4,2,2.9,2.2,2.5,3.3,4.6,5,5.2,4.8,3.7,2.7,2.5,1.9,2.5,2.3,2.1,2.2
62,臺東,11,風向,WIND_DIREC,degrees,1996-02-18,7,16,10,13,16,13,8,337,351,335,329,6,17,20,25,24,17,358,339,337,326,326,323,324
62,臺東,14,溫度,AMB_TEMP,℃,1996-02-18,20,19.2,19,18.6,18.3,18,17.5,17.1,17.4,17.5,17.8,19,19.6,20.2,19.7,19.1,18.2,17.4,16.9,16.5,16.1,15.9,16,15.7
62,臺東,21,酸雨,PH_RAIN,pH,1996-02-18,0,0,0,0,0,0,0,0,0,0,0,0,0,0,0,0,0,0,0,0,0,0,0,0
62,臺東,22,導電度,RAIN_COND,μmho/cm,1996-02-18,0,0,0,0,0,0,0,0,0,0,0,0,0,0,0,0,0,0,0,0,0,0,0,0
62,臺東,31,甲烷,CH4,ppm,1996-02-18,1.9,x,1.9,1.9,1.9,1.9,1.9,2,2.1,2.1,2,2,2,2,2,2,2,2.1,2.1,2,2,2,2,2
62,臺東,32,降雨強度,RAIN_INT,㎜,1996-02-18,0,0,0,0,0,0,0,0,0,0,0,0,0,0,0,0,0,0,0,0,0,0,0,0
63,花蓮,1,二氧化硫,SO2,ppb,1996-02-18,0.5,0.4,0.3,0.3,0.3,0.1,0.1,0.3,0.4,0.7,0.7,0.6,0.4,0.3,0.3,0.3,0.3,0.3,0.2,0.2,0.2,0.2,0.3,0.2
63,花蓮,2,一氧化碳,CO,ppm,1996-02-18,0.33,0.19,0.16,0.16,0.15,0.15,0.21,0.31,0.42,0.6,0.67,0.67,0.52,0.51,0.46,0.5,0.51,0.43,0.3,0.28,0.35,0.35,0.31,0.28
63,花蓮,3,臭氧,O3,ppb,1996-02-18,34,34,33,x,33,33,33,31,29,27,27,27,28,29,29,28,26,27,29,30,30,31,31,32
63,花蓮,4,懸浮微粒,PM10,μg/m3,1996-02-18,25,31,28,28,24,22,20,17,17,26,27,27,26,26,24,20,21,21,17,17,14,19,15,16
63,花蓮,5,氮氧化物,NOx,ppb,1996-02-18,7.5,6.6,5.9,5.6,5.7,6.2,x,8.9,13,18,21,21,17,16,15,17,19,17,12,12,13,12,12,8.9
63,花蓮,6,一氧化氮,NO,ppb,1996-02-18,0.4,0.2,0.1,0.1,0.2,0.3,x,0.8,2.1,4,4.8,4.6,3.6,3.2,2.7,2.9,3.6,2.2,1.3,1.3,1.6,1.2,1,0.6
63,花蓮,7,二氧化氮,NO2,ppb,1996-02-18,7.1,6.4,5.7,5.5,5.5,5.9,x,8.1,11,14,16,16,14,13,13,14,15,14,11,11,11,11,10,8.2
63,花蓮,8,總碳氫化合物,THC,ppm,1996-02-18,2,2,2,2,2,2,2,2.1,2.1,2.1,2.2,2.3,2.2,2.1,2.1,2.1,2.1,2.1,2,2,2.1,2.1,2,2
63,花蓮,9,非甲烷碳氫化合物,NMHC,ppm,1996-02-18,0.03,0.05,0.02,0.02,0.02,0.03,0.03,0.1,0.14,0.21,0.32,0.33,0.2,0.15,0.16,0.13,0.15,0.1,0.04,0.04,0.09,0.09,0.07,0.08
63,花蓮,14,溫度,AMB_TEMP,℃,1996-02-18,17.6,17.2,16.7,16.4,16.2,16,15.9,16.2,16.4,16.7,16.7,16.8,16.6,16.5,16.5,16,15.5,15.5,15.5,15.5,15.4,15.4,15.5,15.5
63,花蓮,21,酸雨,PH_RAIN,pH,1996-02-18,0,0,0,0,0,0,0,0,0,0,0,0,0,0,0,0,0,0,0,0,0,0,0,0
63,花蓮,22,導電度,RAIN_COND,μmho/cm,1996-02-18,0,0,0,0,0,0,0,0,0,0,0,0,0,0,0,0,0,0,0,0,0,0,0,0
63,花蓮,31,甲烷,CH4,ppm,1996-02-18,2,2,1.9,1.9,2,1.9,2,2,2,1.9,1.9,1.9,2,2,2,2,2,2,2,2,2,2,2,1.9
63,花蓮,32,降雨強度,RAIN_INT,㎜,1996-02-18,0,0,0,0,0,0,0,0,0,0,0,0,0,0,0,0,0,0,0,0,0,0,0,0
64,陽明,1,二氧化硫,SO2,ppb,1996-02-18,0.2,0.1,0.1,0.1,0.1,0.2,0.1,0.1,0.2,0.2,0.1,0.1,0.2,0.1,0.1,0.1,0.1,0.1,0.1,0,0.1,0.2,0.3,0.3
64,陽明,2,一氧化碳,CO,ppm,1996-02-18,0.08,0.21,0.2,0.2,0.2,0.19,0.2,0.2,0.21,0.21,0.21,0.2,0.21,0.2,0.2,0.2,0.19,0.19,0.19,0.19,0.21,0.21,0.21,0.22
64,陽明,3,臭氧,O3,ppb,1996-02-18,39,39,38,x,41,41,42,42,42,41,41,40,40,41,41,42,42,42,42,41,41,41,42,42
64,陽明,4,懸浮微粒,PM10,μg/m3,1996-02-18,x,x,x,x,x,x,x,x,x,x,x,x,x,x,x,x,x,x,x,x,x,x,x,x
64,陽明,5,氮氧化物,NOx,ppb,1996-02-18,0.2,0.2,0.2,0,0.1,0,x,0.5,0.4,0.6,0.4,0.4,0.4,0.2,0.5,0.4,0.2,0.2,0.1,0.1,0.2,0.4,0.5,0.5
64,陽明,6,一氧化氮,NO,ppb,1996-02-18,0,0,0,0,0,0,x,0,0,0,0,0,0,0,0,0,0,0,0,0,0,0,0,0
64,陽明,7,二氧化氮,NO2,ppb,1996-02-18,0.1,0.2,0.2,0,0.1,0,x,0.5,0.4,0.6,0.4,0.4,0.4,0.2,0.5,0.4,0.2,0.2,0.1,0.1,0.2,0.4,0.5,0.5
64,陽明,10,風速,WIND_SPEED,m/sec,1996-02-18,6.8,4.9,2.6,6.4,6.4,6.7,4,6.3,6.8,2,3.7,2.5,2.4,2.7,2.2,2.9,2.2,2.3,3,2,3.4,2.6,3.1,2.7
64,陽明,11,風向,WIND_DIREC,degrees,1996-02-18,338,315,1000,338,338,338,315,338,315,270,1000,338,1000,293,315,1000,293,1000,293,1000,1000,270,1000,1000
64,陽明,14,溫度,AMB_TEMP,℃,1996-02-18,5.1,4.8,4.5,4.2,4.1,4,4,4.1,4,4,4.1,4.4,4.7,4.6,4.2,4.1,4.1,4,4,4,4,4.3,4.4,4.4
64,陽明,21,酸雨,PH_RAIN,pH,1996-02-18,5,5.1,5,5.1,5,5,5,4.9,4.8,4.4,4.4,4.5,4.6,4.6,4.6,4.7,4.7,4.8,4.8,4.7,4.6,4.6,4.7,4.7
64,陽明,22,導電度,RAIN_COND,μmho/cm,1996-02-18,11,9.4,15,15,17,18,21,40,42,57,48,43,33,22,20,21,20,18,18,20,32,25,18,13
64,陽明,32,降雨強度,RAIN_INT,㎜,1996-02-18,1.5,1.5,1,1,1.5,2.5,1,1.5,1.5,2,1.5,1,1.5,1.5,1,1.5,1,2,2,2.5,2.5,3,2,5
64,陽明,38,相對濕度,RH,percent,1996-02-18,100,100,100,100,100,100,100,100,100,100,100,100,100,100,100,100,100,100,100,100,100,100,100,100
65,宜蘭,1,二氧化硫,SO2,ppb,1996-02-18,0.1,0.1,0.1,0.2,0,0.2,0.1,0.3,0.2,0.4,0.4,0.7,0.6,0.4,0.3,0.4,0.7,0.8,0.3,0.3,0.3,0.2,0.2,0.2
65,宜蘭,2,一氧化碳,CO,ppm,1996-02-18,0.25,0.23,0.2,0.21,0.19,0.22,0.25,0.35,0.41,0.49,0.5,0.52,0.57,0.52,0.42,0.55,0.63,0.58,0.38,0.36,0.39,0.41,0.47,0.38
65,宜蘭,3,臭氧,O3,ppb,1996-02-18,35,35,x,35,37,36,33,32,30,29,30,32,29,29,30,27,26,25,27,29,29,28,24,25
65,宜蘭,4,懸浮微粒,PM10,μg/m3,1996-02-18,10,10,10,10,10,10,10,10,10,10,10,10,15,12,12,11,10,14,12,10,18,18,15,15
65,宜蘭,5,氮氧化物,NOx,ppb,1996-02-18,7.4,5.9,4.8,5.6,3.1,3.3,x,7.5,8.9,11,12,13,16,14,11,16,18,18,9.9,8.9,9.5,10,14,12
65,宜蘭,6,一氧化氮,NO,ppb,1996-02-18,0.6,0.1,0.2,0.1,0,0,x,0.2,0.4,1,1,2,2.3,2,1,1.5,1.3,0.7,0.2,0.1,0.2,0.4,0.9,0.2
65,宜蘭,7,二氧化氮,NO2,ppb,1996-02-18,6.8,5.8,4.7,5.5,3.1,3.3,x,7.3,8.5,10,11,12,13,12,10,14,17,17,9.7,8.8,9.3,9.9,13,11
65,宜蘭,10,風速,WIND_SPEED,m/sec,1996-02-18,3.2,2.5,2.4,1.8,2.2,0.8,2.2,1.4,1.7,1.9,2.1,1.4,1.5,0.5,0.9,0.6,1.5,1.1,1.6,1.7,1.9,2.3,1.6,1.1
65,宜蘭,11,風向,WIND_DIREC,degrees,1996-02-18,43,28,39,39,32,22,220,204,241,226,215,888,292,279,202,888,1,888,218,234,233,243,267,243
65,宜蘭,14,溫度,AMB_TEMP,℃,1996-02-18,14.6,13.9,13.7,13.5,12.8,12.8,12.5,12.5,12.5,12.6,12.8,13.1,12.9,12.6,12.8,12.1,12.1,12.4,11.9,11.8,11.7,11.3,11.1,11.2
66,冬山,1,二氧化硫,SO2,ppb,1996-02-18,0,0.1,x,0,0,0,0,0,0.1,0,0.1,0.1,0.3,0.1,0,0,0,0.1,0,0,0,0,0,0
66,冬山,4,懸浮微粒,PM10,μg/m3,1996-02-18,13,17,13,12,11,11,12,12,18,16,12,11,14,15,14,14,13,15,14,12,11,12,19,19
66,冬山,5,氮氧化物,NOx,ppb,1996-02-18,2.7,3.4,2.1,2,1.6,4.2,x,9.2,14,20,12,7.7,6.1,11,13,10,6.6,7,7.4,13,18,11,10,8.5
66,冬山,6,一氧化氮,NO,ppb,1996-02-18,0.3,0.6,0,0.1,0,0.2,x,0.8,2.8,3.6,1.3,1.4,0.6,1.3,1.4,1.1,0.7,0.5,0.2,1.8,4.4,1.4,1.1,0.7
66,冬山,7,二氧化氮,NO2,ppb,1996-02-18,2.4,2.8,2,2,1.6,4,x,8.5,11,17,11,6.3,5.5,10,12,9.1,5.9,6.5,7.2,11,13,9.8,9.1,7.7
66,冬山,8,總碳氫化合物,THC,ppm,1996-02-18,1.9,1.9,2,2,2,2,2,2.1,2.1,2.3,2.2,2.1,2.1,2.2,2.2,2,2,2.1,2,2.1,2.1,2.1,2.1,2.1
66,冬山,9,非甲烷碳氫化合物,NMHC,ppm,1996-02-18,0.03,0.04,0.04,0.03,0.05,0.07,0.1,0.15,0.07,0.25,0.16,0.05,0.08,0.16,0.14,0.08,0.08,0.12,0.07,0.05,0.05,0.06,0.07,0.05
66,冬山,10,風速,WIND_SPEED,m/sec,1996-02-18,5.4,4.8,4.1,3.4,4,2.2,1.2,1.2,1.8,0.9,2,2.5,3.2,1.5,1.3,2.2,3.6,2.7,1.8,1.7,2,1.7,2.1,2.2
66,冬山,11,風向,WIND_DIREC,degrees,1996-02-18,52,47,41,31,37,2,273,313,1,318,34,13,28,347,341,20,21,9,354,262,264,271,277,279
66,冬山,14,溫度,AMB_TEMP,℃,1996-02-18,14.6,13.9,13.6,13.3,12.9,12.7,12.6,12.3,12.4,12.3,12.9,13.3,12.9,12.5,12.7,11.8,12.3,12.4,12,11.1,10.7,10.6,10.7,10.7
66,冬山,31,甲烷,CH4,ppm,1996-02-18,1.9,x,2,2,1.9,1.9,1.9,1.9,2.1,2,2,2,2,2,2,2,2,1.9,2,2,2,2,2,2.1
67,三重,1,二氧化硫,SO2,ppb,1996-02-18,0.6,0.7,0.2,0.1,0.1,0.1,0.2,0.5,1,1.2,0.9,1,1.7,1.7,1.8,1.7,2,2.1,1.3,0.3,0.1,0,0,x
67,三重,2,一氧化碳,CO,ppm,1996-02-18,1.24,1.04,0.8,0.61,0.59,0.75,0.85,0.89,1.06,1.43,1.26,1.13,1.36,1.46,1.93,1.34,1.43,1.45,1.1,0.96,1,1.12,1,1.11
67,三重,4,懸浮微粒,PM10,μg/m3,1996-02-18,26,16,13,11,10,10,10,16,18,18,19,22,28,30,37,36,35,35,36,36,30,17,12,12
67,三重,5,氮氧化物,NOx,ppb,1996-02-18,85,75,42,47,x,51,49,61,69,75,50,46,62,67,92,65,67,63,53,43,53,53,51,51
67,三重,6,一氧化氮,NO,ppb,1996-02-18,55,49,23,26,x,30,28,34,41,45,25,22,33,36,55,29,35,32,27,18,27,23,20,27
67,三重,7,二氧化氮,NO2,ppb,1996-02-18,30,26,20,21,x,21,21,27,28,29,25,24,29,31,37,35,33,31,27,25,27,30,31,24
67,三重,14,溫度,AMB_TEMP,℃,1996-02-18,14.5,14.1,13.7,13.5,13.2,13.1,12.8,12.9,13,12.7,12.8,12.8,12.7,12.7,12.5,12.3,12.3,12.2,12,11.6,11.5,11.6,11.4,11.3
68,中壢,1,二氧化硫,SO2,ppb,1996-02-18,0.7,0.3,0.1,0.1,0,0,0.1,0.3,0.2,1.8,2.8,2.3,1,0.5,0.5,0.5,0.4,0.2,0.2,0.7,5.7,2.4,6.1,8.4
68,中壢,2,一氧化碳,CO,ppm,1996-02-18,0.62,0.41,0.38,0.34,0.32,0.29,0.34,0.47,0.61,0.63,0.82,1.03,0.87,0.72,0.91,0.86,0.93,0.71,0.57,0.54,0.74,0.85,0.66,0.68
68,中壢,4,懸浮微粒,PM10,μg/m3,1996-02-18,11,11,11,11,11,11,11,11,14,12,11,16,24,20,19,19,17,14,13,11,14,12,11,12
68,中壢,5,氮氧化物,NOx,ppb,1996-02-18,17,12,9.9,7.7,x,5.4,9.3,20,25,25,33,40,34,26,34,33,37,25,20,5.3,46,65,51,43
68,中壢,6,一氧化氮,NO,ppb,1996-02-18,5.9,3.2,3,2.1,x,1.2,2.8,8.1,10,9.5,12,17,15,10,15,14,16,10,6.8,1.5,15,23,16,12
68,中壢,7,二氧化氮,NO2,ppb,1996-02-18,11,8.6,6.9,5.6,x,4.3,6.5,12,14,15,21,23,20,16,19,18,21,14,13,3.8,31,42,35,31
68,中壢,14,溫度,AMB_TEMP,℃,1996-02-18,9.8,9.6,9.6,9.6,9.3,9.2,8.9,9.3,9.1,8.7,8.7,9.5,9.7,9.5,9,8.2,9,8.9,8.9,8.8,9.3,9.6,9.3,9.5
69,竹山,1,二氧化硫,SO2,ppb,1996-02-18,0.2,0.3,0.2,0.2,0.1,0.2,0.1,0.6,0.4,0.7,0.8,0.6,1.7,1.7,0.9,0.5,0.8,0.8,0.6,0.3,0.3,0.2,0.3,0.3
69,竹山,3,臭氧,O3,ppb,1996-02-18,17,18,22,19,19,19,18,18,23,22,20,23,29,24,18,20,18,16,13,13,12,11,11,13
69,竹山,4,懸浮微粒,PM10,μg/m3,1996-02-18,52,43,42,48,51,52,42,37,40,34,41,43,52,69,71,75,72,67,55,53,43,42,40,32
69,竹山,5,氮氧化物,NOx,ppb,1996-02-18,14,13,8.2,9.2,x,11,11,13,12,15,19,16,18,22,23,23,27,22,22,21,21,20,20,19
69,竹山,6,一氧化氮,NO,ppb,1996-02-18,0,0,0,0,x,0,0,0.2,0.2,0.9,2.3,1.2,0.6,0.6,2.2,3.1,1.4,0.7,0.5,0.7,0.6,0.3,0.5,0.5
69,竹山,7,二氧化氮,NO2,ppb,1996-02-18,14,13,8.2,9.2,x,11,11,13,12,14,17,15,17,21,21,20,25,22,21,20,21,20,19,19
69,竹山,10,風速,WIND_SPEED,m/sec,1996-02-18,2.8,1.8,2.4,1.2,1.3,1.4,1,0.9,1.8,1.2,1.1,1,1.2,1.1,2.5,2.6,1.8,1.7,0.8,1.4,1,0.7,0.4,0.9
69,竹山,11,風向,WIND_DIREC,degrees,1996-02-18,24,38,34,5,27,32,352,318,36,28,26,313,320,318,30,2,30,14,888,43,7,319,346,27
69,竹山,14,溫度,AMB_TEMP,℃,1996-02-18,13.2,13.2,12.3,12.4,12.4,12.4,12.4,12.3,12.2,12.4,13.4,14.3,14.1,14,12.2,12.5,12.7,12.3,12,11.5,11.3,11.3,11.4,11.4
