SiteId,SiteName,ItemId,ItemName,ItemEngName,ItemUnit,MonitorDate,MonitorValue00,MonitorValue01,MonitorValue02,MonitorValue03,MonitorValue04,MonitorValue05,MonitorValue06,MonitorValue07,MonitorValue08,MonitorValue09,MonitorValue10,MonitorValue11,MonitorValue12,MonitorValue13,MonitorValue14,MonitorValue15,MonitorValue16,MonitorValue17,MonitorValue18,MonitorValue19,MonitorValue20,MonitorValue21,MonitorValue22,MonitorValue23
1,基隆,1,二氧化硫,SO2,ppb,2006-08-13,0.6,0.7,0.6,0.6,1.7,1.7,1.8,1.5,1.4,1.5,17,1.9,4.5,1.5,9.5,11,9.3,7.9,1.5,1.5,1.5,1.5,1.5,1.4
1,基隆,2,一氧化碳,CO,ppm,2006-08-13,0.12,0.11,0.1,0.09,0.23,0.34,0.21,0.14,0.14,0.2,0.26,0.19,0.18,0.14,0.21,0.21,0.26,0.24,0.2,0.17,0.24,0.26,0.2,0.19
1,基隆,3,臭氧,O3,ppb,2006-08-13,13,13,11,11,7.1,6.3,9.2,13,17,19,19,20,23,23,23,24,21,18,19,17,15,15,16,15
1,基隆,4,懸浮微粒,PM10,μg/m3,2006-08-13,14,11,10,10,15,16,20,15,6,8,15,13,3,13,18,16,17,12,9,12,11,14,16,9
1,基隆,5,氮氧化物,NOx,ppb,2006-08-13,1.8,2,2,2.2,7,11,5.6,2.8,2.9,4.9,16,5.1,6.1,2.5,8.4,9.1,11,9.6,4.3,4.1,6.3,6.6,4.8,4.4
1,基隆,6,一氧化氮,NO,ppb,2006-08-13,0.4,0.3,0.5,0.7,2.1,5.6,2.2,1.6,1.4,1.8,7.5,2.3,2.5,1.2,3.2,3.2,4,3.6,1.4,1.2,1.7,1.6,1.2,0.8
1,基隆,7,二氧化氮,NO2,ppb,2006-08-13,1.5,1.7,1.5,1.5,4.9,5.8,3.5,1.2,1.5,3.1,8.1,2.8,3.6,1.3,5.2,5.9,6.7,6.1,3,2.8,4.6,5,3.6,3.6
1,基隆,8,總碳氫化合物,THC,ppm,2006-08-13,x,x,x,x,1.8,2,2,x,x,1.7,1.7,1.7,1.7,x,1.7,1.7,1.7,1.7,x,x,1.8,1.8,1.7,1.9
1,基隆,9,非甲烷碳氫化合物,NMHC,ppm,2006-08-13,x,x,x,x,0.04,0.13,0.03,x,x,0.01,0.04,0.02,0.01,x,0.01,0.01,0.02,0.03,x,x,0.02,0.03,0.01,0.02
1,基隆,10,風速,WIND_SPEED,m/sec,2006-08-13,1.4,1.4,1.1,0.8,0.9,0.7,0.9,1.9,2.1,1.7,2,2.4,3.2,1.9,2.7,3.1,2.3,2,2,1.5,1.1,1.4,1.1,0.9
1,基隆,11,風向,WIND_DIREC,degrees,2006-08-13,175,145,167,170,165,167,122,99,105,85,95,112,136,113,93,71,93,159,177,171,174,169,165,165
1,基隆,14,溫度,AMB_TEMP,℃,2006-08-13,28.6,28.4,28.1,27.5,27.3,26.9,27.8,29.4,30.7,32.1,32.7,33.6,33.5,33.6,33.3,33,31.8,31.4,30.1,29.1,28.7,28.4,28.2,28
1,基隆,31,甲烷,CH4,ppm,2006-08-13,x,x,x,x,1.8,1.9,2,x,x,1.7,1.7,1.7,1.7,x,1.7,1.7,1.7,1.7,x,x,1.7,1.7,1.7,1.9
1,基隆,33,細懸浮微粒,PM2.5,μg/m3,2006-08-13,6,6,5,5,4,7,9,10,8,6,7,8,6,5,6,8,10,10,7,6,7,7,8,8
1,基隆,38,相對濕度,RH,percent,2006-08-13,72,74,74,77,78,79,76,71,63,57,57,49,51,48,51,51,56,57,60,63,64,66,69,71
2,汐止,1,二氧化硫,SO2,ppb,2006-08-13,1.8,1.6,2.1,2.9,2.4,2.6,12,5.5,3.3,1.8,1.7,1.8,1.8,1.7,1.6,1.6,1.6,1.6,1.5,1.9,3,5.3,5.6,7.1
2,汐止,2,一氧化碳,CO,ppm,2006-08-13,0.14,0.15,0.14,0.2,0.21,0.21,0.32,0.31,0.18,0.11,0.11,0.11,0.12,0.11,0.12,0.11,0.13,0.19,0.19,0.28,0.44,0.44,0.4,0.45
2,汐止,3,臭氧,O3,ppb,2006-08-13,8.6,7.4,5.8,4.5,4.3,7.2,6.3,9.2,15,20,23,22,22,24,23,23,22,21,18,14,7.4,5.6,5.5,5.3
2,汐止,4,懸浮微粒,PM10,μg/m3,2006-08-13,15,13,14,17,19,19,25,30,27,22,17,11,8,11,15,12,13,16,14,14,20,23,20,18
2,汐止,5,氮氧化物,NOx,ppb,2006-08-13,7.8,9.7,10,15,18,19,33,26,11,4.4,3.8,3.5,4.6,4.4,5.8,4.9,5.5,8.3,8.7,13,24,27,30,33
2,汐止,6,一氧化氮,NO,ppb,2006-08-13,2.3,2.6,2.6,5.9,10,12,24,17,6.1,2.1,1.5,1.4,1.7,1.6,2.2,2.1,1.8,2.3,1.9,2.6,8.7,12,15,19
2,汐止,7,二氧化氮,NO2,ppb,2006-08-13,5.5,7.1,7.6,9.6,8.3,7.1,8.6,9.5,5.4,2.2,2.3,2.1,2.8,2.8,3.6,2.8,3.6,6.1,6.8,10,15,15,15,15
2,汐止,10,風速,WIND_SPEED,m/sec,2006-08-13,2.3,1.6,0.8,0.6,0.9,2,1.1,1.6,2.7,2.6,2.6,3.4,3.5,3.5,4.3,2.7,3.3,2.9,2.2,1.2,1.4,2.4,2.4,1
2,汐止,11,風向,WIND_DIREC,degrees,2006-08-13,84,77,80,34,100,284,65,101,97,90,110,119,102,102,91,86,85,90,117,117,106,77,94,89
2,汐止,14,溫度,AMB_TEMP,℃,2006-08-13,29.2,28.7,27.7,27.2,26.7,26.6,26.5,28.5,30.8,32.2,33.6,34.3,34.6,34.7,34.5,33.9,33.2,32.1,30.7,29.8,28.9,28.1,27.7,27.3
2,汐止,33,細懸浮微粒,PM2.5,μg/m3,2006-08-13,7,7,0,3,4,3,6,6,6,4,3,6,5,6,9,5,2,3,2,2,5,6,8,10
2,汐止,38,相對濕度,RH,percent,2006-08-13,65,67,72,75,77,77,79,72,62,54,48,46,44,43,43,45,47,52,56,59,64,67,69,72
3,萬里,1,二氧化硫,SO2,ppb,2006-08-13,0.9,0.7,0.6,0.6,0.8,0.8,1,4,5.6,2.3,1.8,2.6,1.8,1.6,1.8,1.9,1.7,1.8,1.2,1.4,1.3,1.1,1.5,1.4
3,萬里,2,一氧化碳,CO,ppm,2006-08-13,0.16,0.14,0.12,0.08,0.08,0.1,0.17,0.23,0.24,0.18,0.18,0.13,0.15,0.11,0.13,0.16,0.16,0.16,0.13,0.28,0.24,0.21,0.16,0.12
3,萬里,3,臭氧,O3,ppb,2006-08-13,5.7,5.6,6,6.9,7,7.2,6.9,9.3,15,20,22,25,28,26,27,30,25,16,18,9.3,6.5,6.4,7.3,9.1
3,萬里,4,懸浮微粒,PM10,μg/m3,2006-08-13,9,8,6,7,4,7,10,16,28,28,25,21,20,22,19,19,18,15,12,9,10,10,8,6
3,萬里,5,氮氧化物,NOx,ppb,2006-08-13,8.9,7.1,6.1,3.9,4,4.8,8.7,18,14,9.5,8,8.1,6.1,6.8,6.9,9.8,11,14,8.5,16,15,12,10,8.3
3,萬里,6,一氧化氮,NO,ppb,2006-08-13,4.3,3.5,2.8,1.5,1.7,2.5,6.3,11,8.3,4.9,4,4.2,3,3.4,3.1,4.2,5.1,6.5,3.1,6.2,6.8,5.1,3.6,2.3
3,萬里,7,二氧化氮,NO2,ppb,2006-08-13,4.5,3.6,3.4,2.4,2.3,2.4,2.4,6.2,6.1,4.6,4,3.9,3.2,3.4,3.8,5.6,5.8,7.6,5.4,10,8.3,6.8,6.5,5.9
3,萬里,8,總碳氫化合物,THC,ppm,2006-08-13,1.7,1.7,1.6,1.6,1.6,1.6,1.7,1.7,1.7,1.7,1.7,1.7,1.7,1.7,1.7,1.7,1.7,1.7,1.7,1.7,1.8,1.7,1.7,1.7
3,萬里,9,非甲烷碳氫化合物,NMHC,ppm,2006-08-13,0.08,0.06,0.04,0.01,0.01,0.04,0.06,0.08,0.06,0.04,0.05,0.06,0.05,0.05,0.07,0.06,0.06,0.06,0.04,0.11,0.11,0.05,0.05,0.03
3,萬里,10,風速,WIND_SPEED,m/sec,2006-08-13,2.6,2.8,3.5,4.1,4,2.9,2.1,2.6,3.6,3.6,4.4,4.3,2.8,4.9,2.2,2.5,2.6,2,1.6,2.1,3.1,4.2,3.9,4
3,萬里,11,風向,WIND_DIREC,degrees,2006-08-13,183,186,199,204,204,195,179,68,76,73,73,79,89,78,85,48,70,63,89,211,206,209,205,204
3,萬里,14,溫度,AMB_TEMP,℃,2006-08-13,26.4,25.9,25.6,25.4,25.3,25.2,25.9,27.8,28.6,28.9,29.2,29.3,29.5,29.5,29.8,29.4,29,28.7,28.3,27.1,26.2,25.6,25.7,25.8
3,萬里,21,酸雨,PH_RAIN,pH,2006-08-13,0,0,0,0,0,0,0,0,0,0,0,0,0,0,0,0,0,0,0,0,0,0,0,0
3,萬里,22,導電度,RAIN_COND,μmho/cm,2006-08-13,0,0,0,0,0,0,0,0,0,0,0,0,0,0,0,0,0,0,0,0,0,0,0,0
3,萬里,31,甲烷,CH4,ppm,2006-08-13,1.7,1.6,1.6,1.6,1.6,1.6,1.6,1.6,1.6,1.6,1.6,1.6,1.6,1.6,1.6,1.6,1.6,1.6,1.6,1.6,1.6,1.7,1.7,1.7
3,萬里,32,降雨強度,RAIN_INT,㎜,2006-08-13,0,0,0,0,0,0,0,0,0,0,0,0,0,0,0,0,0,0,0,0,0,0,0,0
3,萬里,33,細懸浮微粒,PM2.5,μg/m3,2006-08-13,1,1,0,1,1,4,2,3,26,11,7,7,10,6,5,9,16,8,5,2,2,5,9,6
3,萬里,38,相對濕度,RH,percent,2006-08-13,81,83,84,84,84,84,82,78,77,76,74,73,74,72,68,72,73,72,73,78,80,82,81,81
4,新店,1,二氧化硫,SO2,ppb,2006-08-13,1.3,1.1,1.4,1.3,2.1,2,2.1,2.5,2.6,2.1,2.1,2,2.1,2.1,2,3.1,2.9,2.5,2.3,2,2,1.9,1.9,1.7
4,新店,2,一氧化碳,CO,ppm,2006-08-13,0.16,0.15,0.18,0.16,0.16,0.17,0.21,0.28,0.33,0.17,0.17,0.15,0.16,0.13,0.13,0.16,0.17,0.18,0.23,0.21,0.24,0.26,0.3,0.24
4,新店,3,臭氧,O3,ppb,2006-08-13,13,12,11,10,11,12,10,11,13,21,26,27,28,26,26,27,26,23,19,18,16,15,11,13
4,新店,4,懸浮微粒,PM10,μg/m3,2006-08-13,10,9,8,15,16,10,15,20,19,15,9,9,10,10,9,10,13,16,18,15,14,13,10,10
4,新店,5,氮氧化物,NOx,ppb,2006-08-13,7.3,7.3,8.5,8.6,6.9,7.9,11,15,18,7.4,5.9,4.8,5.5,4.7,5.3,6.3,6.1,7.2,9.5,9.2,11,12,16,11
4,新店,6,一氧化氮,NO,ppb,2006-08-13,2.5,2.1,2.2,2.9,1.4,1.9,4.5,8.8,9.8,3.4,2.2,1.7,1.6,1.6,1.9,2.1,1.9,2,2,2.1,2.3,2.5,3.7,2.4
4,新店,7,二氧化氮,NO2,ppb,2006-08-13,4.9,5.2,6.3,5.7,5.6,6,6,6.3,7.9,3.9,3.7,3.1,3.9,3.1,3.4,4.3,4.2,5.1,7.5,7.2,8.3,9.4,12,8.9
4,新店,10,風速,WIND_SPEED,m/sec,2006-08-13,3.2,2.2,1.7,2.3,2,1.4,1.7,1.5,2.1,3.3,3.5,3.5,4.9,3.4,4,4.4,4,3.3,2.7,3.7,2.1,1.9,2.1,2
4,新店,11,風向,WIND_DIREC,degrees,2006-08-13,88,93,128,153,151,150,167,174,158,97,86,97,97,91,100,90,90,87,95,116,107,95,102,138
4,新店,14,溫度,AMB_TEMP,℃,2006-08-13,29.7,29.3,28.7,28,27.6,27.3,27.3,28.5,30.4,32.5,33.2,34,34.6,34.4,34.6,33.9,33.3,32.2,30.8,29.9,29.4,29.2,28.7,28.3
4,新店,33,細懸浮微粒,PM2.5,μg/m3,2006-08-13,0,4,0,0,2,3,4,6,7,5,3,3,4,1,0,2,6,5,4,4,2,0,0,0
4,新店,38,相對濕度,RH,percent,2006-08-13,64,65,68,70,68,67,67,66,62,51,48,45,44,44,42,45,44,48,54,56,59,59,61,63
5,土城,1,二氧化硫,SO2,ppb,2006-08-13,1.2,0.9,1.2,1.2,1.2,1.3,1.9,1.5,2.1,1.4,1.2,1,0.7,0.6,0.9,1.1,1.2,1,1.1,1,0.8,0.8,1.1,0.8
5,土城,2,一氧化碳,CO,ppm,2006-08-13,0.2,0.18,0.18,0.21,0.32,0.33,0.55,0.3,0.31,0.29,0.21,0.21,0.21,0.19,0.21,0.22,0.24,0.26,0.32,0.36,0.32,0.32,0.37,0.25
5,土城,3,臭氧,O3,ppb,2006-08-13,8,8.4,8.6,7.8,5,6.1,6,11,15,23,28,30,30,28,27,26,25,21,17,14,13,12,9.6,13
5,土城,4,懸浮微粒,PM10,μg/m3,2006-08-13,13,14,15,10,12,22,27,27,20,15,18,17,14,8,14,19,17,14,9,7,4,7,10,10
5,土城,5,氮氧化物,NOx,ppb,2006-08-13,12,11,9.7,16,29,34,56,20,18,16,9.2,8.7,8,7.9,9.1,11,11,11,13,14,15,15,19,13
5,土城,6,一氧化氮,NO,ppb,2006-08-13,2.1,1.4,0.7,6.3,17,22,42,11,8.2,6.3,2.8,2.3,2.2,2.3,2.6,2.9,3.1,2.5,2.2,1.8,2,1.8,3.2,1.5
5,土城,7,二氧化氮,NO2,ppb,2006-08-13,10,9.4,8.9,9.5,12,12,15,9.3,9.5,9.7,6.4,6.3,5.8,5.7,6.5,7.8,8,8.9,11,13,13,13,16,11
5,土城,10,風速,WIND_SPEED,m/sec,2006-08-13,1.3,1.5,1.7,1.4,0.7,1.1,0.5,1,1.6,1.7,1.7,1.9,1.9,1.9,1.9,1.7,1.9,1.7,1.9,1.7,1.6,1,1.4,1.1
5,土城,11,風向,WIND_DIREC,degrees,2006-08-13,200,157,347,170,172,152,252,134,89,308,174,184,230,162,181,186,146,186,119,276,205,251,243,181
5,土城,14,溫度,AMB_TEMP,℃,2006-08-13,30.4,30.1,29.8,29.1,27.6,27.3,27.6,29.5,30.9,33.2,34.7,35.6,36.2,36.4,36.5,36,35.2,34,32.4,31.3,30.6,30.2,29.8,29.5
5,土城,33,細懸浮微粒,PM2.5,μg/m3,2006-08-13,3,1,3,4,5,10,13,10,8,8,5,5,9,6,3,2,5,8,6,4,4,4,0,3
5,土城,38,相對濕度,RH,percent,2006-08-13,63,65,65,66,73,74,74,65,62,55,47,44,42,42,40,42,42,45,51,55,57,59,60,61
6,板橋,1,二氧化硫,SO2,ppb,2006-08-13,2.6,2.4,2.6,2.4,2,1.8,1.8,2.3,2,1.8,1.6,1.3,1.4,1.3,1.5,1.7,1.7,2,1.9,1.7,1.7,1.9,1.9,1.7
6,板橋,2,一氧化碳,CO,ppm,2006-08-13,0.3,0.24,0.25,0.24,0.25,0.3,0.36,0.48,0.46,0.34,0.3,0.26,0.24,0.25,0.24,0.26,0.33,0.4,0.49,0.5,0.49,0.54,0.65,0.58
6,板橋,3,臭氧,O3,ppb,2006-08-13,8.1,8.8,8.9,8.4,7.3,8.4,7.8,11,17,21,24,26,27,25,24,24,23,18,13,12,11,9.7,8.1,8.2
6,板橋,4,懸浮微粒,PM10,μg/m3,2006-08-13,16,11,11,13,15,18,20,23,24,19,14,14,11,6,9,14,15,14,16,19,16,16,13,12
6,板橋,5,氮氧化物,NOx,ppb,2006-08-13,14,10,9.6,10,13,16,17,23,21,15,14,10,9,10,12,13,15,16,20,19,19,23,26,22
6,板橋,6,一氧化氮,NO,ppb,2006-08-13,5.6,3.2,2.6,1.6,3.5,5.9,7.5,10,8.4,5.4,4.6,3,2.5,3.1,4.1,4.4,4.5,4.9,5.8,5.9,6,7.5,9.1,6.7
6,板橋,7,二氧化氮,NO2,ppb,2006-08-13,8.2,7.3,6.9,8.6,9,10,9.6,12,12,9.7,9.4,7.1,6.5,7.2,8.3,8.9,10,11,14,13,13,15,16,15
6,板橋,8,總碳氫化合物,THC,ppm,2006-08-13,2,1.9,2,2.1,2,2.1,2.1,2.2,2.1,2,2,1.9,1.9,1.9,2,2,2,2,2.1,2.1,2.1,2.1,2.2,2.1
6,板橋,9,非甲烷碳氫化合物,NMHC,ppm,2006-08-13,0.12,0.06,0.07,0.11,0.13,0.16,0.17,0.25,0.2,0.17,0.15,0.11,0.09,0.11,0.15,0.14,0.18,0.18,0.23,0.21,0.21,0.22,0.25,0.21
6,板橋,10,風速,WIND_SPEED,m/sec,2006-08-13,1.8,2.7,1,0.8,1.5,1.4,1,0.8,1.1,2.1,2.9,2.9,2.2,2.8,2.8,3,3.3,2.4,3.4,2,1.9,1.8,1.3,1.6
6,板橋,11,風向,WIND_DIREC,degrees,2006-08-13,90,69,52,98,54,57,93,55,65,85,62,62,65,67,70,71,71,72,73,77,74,77,64,82
6,板橋,14,溫度,AMB_TEMP,℃,2006-08-13,29.8,29.6,29.2,29.1,28.6,28.6,28.7,29.4,31,32.6,34.2,34.8,35.4,35.9,35.8,35.2,34.5,33.2,31.9,30.7,30.1,29.8,29.5,29.1
6,板橋,21,酸雨,PH_RAIN,pH,2006-08-13,0,0,0,0,0,0,0,0,0,0,0,0,0,0,0,0,0,0,0,0,0,0,0,0
6,板橋,22,導電度,RAIN_COND,μmho/cm,2006-08-13,0,0,0,0,0,0,0,0,0,0,0,0,0,0,0,0,0,0,0,0,0,0,0,0
6,板橋,31,甲烷,CH4,ppm,2006-08-13,1.9,1.9,1.9,2,1.9,1.9,1.9,1.9,1.9,1.9,1.8,1.8,1.8,1.8,1.8,1.8,1.8,1.9,1.9,1.9,1.9,1.9,1.9,1.9
6,板橋,32,降雨強度,RAIN_INT,㎜,2006-08-13,0,0,0,0,0,0,0,0,0,0,0,0,0,0,0,0,0,0,0,0,0,0,0,0
6,板橋,33,細懸浮微粒,PM2.5,μg/m3,2006-08-13,4,3,2,5,3,3,6,5,8,11,11,7,3,6,8,7,3,1,4,7,5,5,4,3
6,板橋,38,相對濕度,RH,percent,2006-08-13,63,64,65,66,66,64,63,63,61,54,45,44,42,39,35,38,43,47,50,54,56,57,59,61
7,新莊,1,二氧化硫,SO2,ppb,2006-08-13,2,2.1,2,2.1,1.9,1.9,2.3,2.6,2.5,2.3,1.8,1.7,1.7,1.7,1.9,2,2.5,4.1,2,1.8,1.8,2.1,2.4,2.5
7,新莊,2,一氧化碳,CO,ppm,2006-08-13,0.31,0.29,0.29,0.26,0.25,0.24,0.36,0.41,0.39,0.28,0.2,0.2,0.2,0.19,0.21,0.25,0.25,0.3,0.33,0.33,0.39,0.43,0.53,0.47
7,新莊,3,臭氧,O3,ppb,2006-08-13,5.3,4.4,4.4,4.7,4.5,9.7,7.3,11,21,24,28,33,36,32,31,30,27,21,16,13,12,9.3,6.2,6.5
7,新莊,4,懸浮微粒,PM10,μg/m3,2006-08-13,16,18,16,15,15,17,18,22,28,27,21,16,13,12,14,17,23,23,17,14,13,15,16,16
7,新莊,5,氮氧化物,NOx,ppb,2006-08-13,13,14,12,14,13,11,18,21,18,14,7.7,6,5.9,6.2,7.2,10,9.6,15,12,13,14,19,25,24
7,新莊,6,一氧化氮,NO,ppb,2006-08-13,3.7,3.7,2.3,2,2.4,1.5,6.7,9.3,6.8,4.9,2.7,1.6,1.3,1.5,1.7,2.8,2.6,3.6,2,1.4,1.7,3.2,6.7,6.5
7,新莊,7,二氧化氮,NO2,ppb,2006-08-13,9.6,10,9.9,12,11,9.9,11,12,11,8.7,5,4.5,4.7,4.7,5.5,7.6,7,11,10,11,12,16,18,18
7,新莊,10,風速,WIND_SPEED,m/sec,2006-08-13,2.3,1.9,1.6,1.6,1.8,1.1,1.1,1.6,2,3.3,3.1,3.1,3.5,3.2,4,3.5,3.7,4.2,3.5,2.5,2.8,2.8,2.5,2.6
7,新莊,11,風向,WIND_DIREC,degrees,2006-08-13,74,82,53,65,64,92,74,78,64,79,97,77,79,91,80,82,85,80,81,83,83,77,77,77
7,新莊,14,溫度,AMB_TEMP,℃,2006-08-13,29.2,28.8,28.5,28.4,28.2,28.1,28.2,29.2,30.5,32.2,33.8,34.6,35.3,35.8,35.7,35,34.1,32.7,31.3,30.3,29.7,29.3,28.8,28.5
7,新莊,33,細懸浮微粒,PM2.5,μg/m3,2006-08-13,x,x,x,x,x,x,x,x,x,x,x,x,x,x,x,x,x,x,x,x,x,x,x,x
7,新莊,38,相對濕度,RH,percent,2006-08-13,65,66,68,68,69,69,69,66,62,56,47,46,45,42,41,44,46,51,54,56,57,60,63,65
8,菜寮,1,二氧化硫,SO2,ppb,2006-08-13,1.5,1.4,1.7,1.3,1.6,1.7,1.8,1.7,1.6,1.7,1.6,2.5,1.7,1.7,1.6,1.9,4,6.9,3.2,2.8,2.3,1.7,2,1.8
8,菜寮,2,一氧化碳,CO,ppm,2006-08-13,0.28,0.2,0.22,0.18,0.27,0.33,0.31,0.35,0.32,0.26,0.32,0.25,0.21,0.22,0.22,0.24,0.29,0.38,0.46,0.49,0.46,0.43,0.41,0.33
8,菜寮,3,臭氧,O3,ppb,2006-08-13,5.8,6.9,6.5,7.1,5.4,7.4,7.6,10,14,21,25,28,31,26,26,24,23,17,11,7.8,7.5,9,8.6,9.6
8,菜寮,4,懸浮微粒,PM10,μg/m3,2006-08-13,10,11,12,12,15,16,15,16,15,20,21,14,14,13,14,20,19,22,22,17,16,15,13,16
8,菜寮,5,氮氧化物,NOx,ppb,2006-08-13,14,12,13,12,18,19,18,19,16,13,15,11,7.6,9.3,9.5,9.7,12,18,20,23,22,20,19,16
8,菜寮,6,一氧化氮,NO,ppb,2006-08-13,5.6,5,5,3.7,7.7,9.2,9.8,12,8.6,5.2,5.6,3.8,2.5,3.2,3.5,3.7,4,5.2,5,6.6,6.5,5.8,5.4,4.4
8,菜寮,7,二氧化氮,NO2,ppb,2006-08-13,8,6.7,8.1,7.9,9.8,9.7,8.5,7.7,7.8,7.7,8.9,7.4,5,6.2,6,6,8.2,13,16,16,15,14,14,12
8,菜寮,10,風速,WIND_SPEED,m/sec,2006-08-13,3.2,2.2,2.3,1.6,1.6,1.6,1.3,2.3,2.6,2.8,2.4,3.7,4.3,5,4.3,4.7,3.9,3.4,3.4,3.2,3.2,2.8,2.8,2.1
8,菜寮,11,風向,WIND_DIREC,degrees,2006-08-13,69,92,80,78,118,120,99,127,55,74,93,58,58,54,74,55,67,70,77,74,90,86,86,80
8,菜寮,14,溫度,AMB_TEMP,℃,2006-08-13,30.1,29.9,29.8,29.7,29.5,29.5,29.8,30.9,32.2,33.4,34.7,35.2,35.7,36,35.8,35.4,34.4,33.1,31.9,30.9,30.4,30.1,29.8,29.6
8,菜寮,33,細懸浮微粒,PM2.5,μg/m3,2006-08-13,5,3,0,0,3,4,0,0,1,0,2,7,7,8,2,2,5,3,3,3,6,7,2,0
8,菜寮,38,相對濕度,RH,percent,2006-08-13,63,64,64,65,66,67,65,61,56,52,47,46,44,42,42,42,46,52,54,58,59,59,62,63
9,林口,1,二氧化硫,SO2,ppb,2006-08-13,1.4,1.4,1.5,1.5,,x,x,x,x,1.1,0.9,0.6,1.2,1.5,1.2,1.4,3.5,6.4,2.8,1.8,1.6,1,0.4,x
9,林口,2,一氧化碳,CO,ppm,2006-08-13,0.16,0.13,0.24,0.22,,x,0.29,0.39,0.38,0.32,0.27,0.25,0.24,0.19,0.2,0.21,0.22,0.25,0.34,0.39,0.39,0.37,0.35,0.31
9,林口,3,臭氧,O3,ppb,2006-08-13,3.9,5,5.1,5.4,,x,4.2,5.9,12,21,30,39,40,36,34,32,30,22,16,9.9,5.6,6,6.3,8
9,林口,4,懸浮微粒,PM10,μg/m3,2006-08-13,17,14,12,15,,x,15,24,35,42,41,33,27,25,22,12,18,27,34,35,28,28,32,27
9,林口,5,氮氧化物,NOx,ppb,2006-08-13,13,9.4,8.6,x,,x,17,23,21,17,13,11,8.9,7.1,7.1,7,7.9,13,12,16,20,18,17,15
9,林口,6,一氧化氮,NO,ppb,2006-08-13,2.5,1.6,1.1,x,,x,6.8,11,9.8,5.5,3.2,1.7,1,0.7,0.9,1.1,1.4,2.4,1.5,2.5,3.2,2,1.6,1
9,林口,7,二氧化氮,NO2,ppb,2006-08-13,10,7.8,7.5,x,,x,10,12,12,11,9.7,9,7.9,6.5,6.2,5.9,6.5,10,10,14,16,16,16,14
9,林口,10,風速,WIND_SPEED,m/sec,2006-08-13,3.1,3.1,2.3,2.4,,1.9,1.7,2.1,2.4,3.1,3.3,3.6,4.1,4.6,3.9,4.9,4.1,4.3,3.9,3.9,3.4,3.3,2.4,2.3
9,林口,11,風向,WIND_DIREC,degrees,2006-08-13,97,102,93,84,,95,81,88,74,96,95,62,68,64,86,67,68,69,79,90,84,98,113,118
9,林口,14,溫度,AMB_TEMP,℃,2006-08-13,26.8,26.7,26.3,24.2,,x,26.3,26.9,29.3,30.8,32.1,32.7,33.4,33.4,33.5,33.2,32.2,31.2,29.5,28.3,27.6,27.1,26.8,26.4
9,林口,33,細懸浮微粒,PM2.5,μg/m3,2006-08-13,7,8,4,2,,x,0,2,9,7,6,7,2,4,11,13,7,3,7,8,8,7,1,1
9,林口,38,相對濕度,RH,percent,2006-08-13,76,76,78,77,,x,79,78,69,63,57,56,54,54,52,53,56,59,63,67,69,70,72,75
10,淡水,1,二氧化硫,SO2,ppb,2006-08-13,2.1,2.1,2.1,2.3,1.2,1.2,1.5,1.5,1.3,1.3,1.3,2.1,3.6,5.2,5.7,7.4,8.1,5.7,9.4,6.1,1.5,1.4,1.5,1.1
10,淡水,2,一氧化碳,CO,ppm,2006-08-13,0.14,0.12,0.11,0.11,0.11,0.13,0.15,0.17,0.13,0.13,0.13,0.14,0.16,0.18,0.19,0.18,0.48,0.17,0.18,0.19,0.16,0.16,0.16,0.14
10,淡水,3,臭氧,O3,ppb,2006-08-13,15,16,17,17,15,x,14,16,21,25,28,32,34,32,33,30,28,26,18,17,21,21,21,22
10,淡水,4,懸浮微粒,PM10,μg/m3,2006-08-13,9,11,11,9,8,9,11,15,12,5,5,9,9,14,18,15,30,31,17,14,14,11,8,11
10,淡水,5,氮氧化物,NOx,ppb,2006-08-13,2.8,1.3,x,2,2.3,3.1,4.3,5.8,3.9,2.8,2.6,2.6,3.8,5.9,7.8,7.2,7.7,5.3,9.6,9.4,3.9,3.6,3.9,2.9
10,淡水,6,一氧化氮,NO,ppb,2006-08-13,1.2,0.4,x,0.6,0.4,0.5,1.3,2.6,2,1.4,1.4,0.9,1.2,1.7,2.8,2.2,2.3,1.5,1.6,1.8,1.1,0.8,0.7,0.6
10,淡水,7,二氧化氮,NO2,ppb,2006-08-13,1.6,1,x,1.4,1.9,2.6,3,3.2,1.8,1.4,1.2,1.7,2.7,4.3,5.1,5,5.4,3.8,7.9,7.7,2.7,2.8,3.3,2.3
10,淡水,10,風速,WIND_SPEED,m/sec,2006-08-13,3.8,3.6,1.5,2.8,1.8,2.2,1.9,1.5,2,2.5,4,2,3,2.6,2.4,2.2,2.9,4.6,3.4,3.3,3.2,3.7,2.2,2.2
10,淡水,11,風向,WIND_DIREC,degrees,2006-08-13,120,150,150,150,160,180,170,170,170,170,150,130,90,90,130,140,160,150,140,140,150,140,140,140
10,淡水,14,溫度,AMB_TEMP,℃,2006-08-13,29,28.7,28.2,27.8,27.6,28,28.8,30.7,32.3,33.5,34.3,34.8,34.2,34,34.3,33.7,32.2,30.4,29.3,29.3,28.7,28.6,29.1,28.8
10,淡水,33,細懸浮微粒,PM2.5,μg/m3,2006-08-13,8,7,0,1,3,0,1,6,8,5,5,8,10,11,13,16,16,10,4,4,2,5,4,0
10,淡水,38,相對濕度,RH,percent,2006-08-13,65,66,68,70,74,73,71,69,62,55,54,52,52,54,53,52,53,56,59,58,63,65,59,57
11,士林,1,二氧化硫,SO2,ppb,2006-08-13,1.3,1.3,1.2,1.2,1.2,1.3,1.4,1.5,1.4,1.4,1.5,2.9,3.4,4.3,3.4,59,69,15,7,3.2,1.5,1.4,1.4,1.5
11,士林,2,一氧化碳,CO,ppm,2006-08-13,0.12,0.09,0.09,0.09,0.09,0.1,0.13,0.14,0.12,0.14,0.12,0.14,0.15,0.15,0.15,0.53,0.98,0.28,0.22,0.23,0.19,0.19,0.19,0.18
11,士林,3,臭氧,O3,ppb,2006-08-13,8.1,9.4,11,10,9.8,19,13,15,18,23,28,33,32,30,31,30,20,15,15,15,16,16,16,16
11,士林,4,懸浮微粒,PM10,μg/m3,2006-08-13,27,19,19,17,23,12,18,25,21,22,23,26,23,31,34,66,x,x,29,27,23,20,24,22
11,士林,5,氮氧化物,NOx,ppb,2006-08-13,7.2,5,4.6,4.7,3.9,6.9,6.3,7.1,6.3,6.1,5.5,6.7,8.2,8.5,9.1,32,54,21,13,11,9.4,11,8.8,9.1
11,士林,6,一氧化氮,NO,ppb,2006-08-13,2.2,1.1,1.2,0.6,0.6,1.4,1.4,2.7,2.6,1.9,1.3,1.3,2.2,2.2,2.6,12,21,6.8,2.5,2.2,1.7,2.6,1.6,1.6
11,士林,7,二氧化氮,NO2,ppb,2006-08-13,4.9,3.9,3.5,4.1,3.3,5.5,4.9,4.4,3.8,4.2,4.2,5.4,6,6.3,6.5,21,34,14,11,9.1,7.6,8.1,7.1,7.6
11,士林,10,風速,WIND_SPEED,m/sec,2006-08-13,3.4,3.9,4.6,2.3,1.3,1,2.1,3,3.7,3.8,3.4,3.2,3,4,3.4,3.2,4.7,3.1,4.7,4.4,4.5,4.1,3.1,2.4
11,士林,11,風向,WIND_DIREC,degrees,2006-08-13,108,104,105,100,94,91,111,112,126,115,125,66,89,75,97,84,107,110,104,108,106,107,106,114
11,士林,14,溫度,AMB_TEMP,℃,2006-08-13,29.7,29.5,29.5,29.3,29.2,29.2,29.5,30.4,31.4,32.4,33.1,33.9,34.5,34.5,34.4,34.4,33.5,31.8,30.5,29.8,29.8,29.4,29.3,29.3
11,士林,33,細懸浮微粒,PM2.5,μg/m3,2006-08-13,8,17,10,4,4,7,15,16,11,6,5,7,8,7,4,47,159,112,1,12,13,10,10,14
11,士林,38,相對濕度,RH,percent,2006-08-13,64,65,65,65,66,66,65,63,58,54,53,52,51,49,49,50,52,57,61,62,61,63,66,64
12,中山,1,二氧化硫,SO2,ppb,2006-08-13,2.2,2,2.3,2,2.6,2.1,2.6,2.6,3,2.8,3,4,2.5,2.6,2.7,2.7,5.4,8.3,3.3,4.6,3.9,2.9,3.1,2.8
12,中山,2,一氧化碳,CO,ppm,2006-08-13,0.4,0.3,0.28,0.24,0.28,0.28,0.43,0.48,0.43,0.39,0.39,0.33,0.32,0.35,0.38,0.42,0.44,0.56,0.59,0.65,0.46,0.54,0.51,0.45
12,中山,3,臭氧,O3,ppb,2006-08-13,4.6,5.3,5.1,5.2,3.9,5.8,6.2,8.3,12,17,20,23,19,19,19,16,16,12,8.5,5.9,6.4,6.2,6.2,7.3
12,中山,4,懸浮微粒,PM10,μg/m3,2006-08-13,30,32,24,24,29,24,31,26,33,28,31,29,27,27,36,31,30,27,30,35,29,31,21,26
12,中山,5,氮氧化物,NOx,ppb,2006-08-13,25,20,19,18,21,19,29,27,24,23,23,21,24,26,27,29,30,37,38,45,32,33,30,26
12,中山,6,一氧化氮,NO,ppb,2006-08-13,16,11,9.6,9.9,13,11,21,19,15,13,12,9.6,13,14,14,16,15,19,21,26,16,17,15,12
12,中山,7,二氧化氮,NO2,ppb,2006-08-13,9.4,9.1,9.1,8.4,8.7,8.3,8.6,8.3,8.8,11,11,12,11,11,12,13,15,18,17,19,16,15,15,15
12,中山,8,總碳氫化合物,THC,ppm,2006-08-13,1.9,1.9,1.9,x,2.1,2,2,2,1.9,1.9,1.9,1.9,1.9,1.9,1.9,1.9,1.9,2,2,2.1,2,2,2,1.9
12,中山,9,非甲烷碳氫化合物,NMHC,ppm,2006-08-13,0.05,0.01,0.01,x,0.02,0.01,0.05,0.05,0.02,0.03,0.03,0.02,0.02,0.04,0.03,0.04,0.03,0.1,0.11,0.12,0.07,0.09,0.08,0.05
12,中山,10,風速,WIND_SPEED,m/sec,2006-08-13,2.2,2.4,2.6,2.1,2.2,1.8,2.1,2.2,2.3,2.4,3.3,2.5,2.8,3,2.8,3.1,2.9,3.4,2.3,2.4,3,2.2,3,2
12,中山,11,風向,WIND_DIREC,degrees,2006-08-13,106,116,109,123,113,120,105,83,85,105,133,101,99,102,85,83,84,106,94,108,120,106,117,101
12,中山,14,溫度,AMB_TEMP,℃,2006-08-13,29.4,29.1,28.9,28.8,28.4,28.3,28.9,29.9,30.9,32.3,33.6,33.8,34.3,35.1,34.9,34.4,33.5,32.3,31.4,30.4,29.7,29.4,29.1,28.9
12,中山,31,甲烷,CH4,ppm,2006-08-13,1.9,1.9,1.9,x,2,2,2,2,1.9,1.9,1.9,1.8,1.8,1.8,1.9,1.9,1.9,1.9,1.9,2,1.9,1.9,1.9,1.9
12,中山,33,細懸浮微粒,PM2.5,μg/m3,2006-08-13,11,10,10,11,12,8,7,9,13,17,16,11,11,11,11,18,14,23,19,24,15,14,10,10
12,中山,38,相對濕度,RH,percent,2006-08-13,64,64,65,66,68,68,66,63,59,54,48,48,46,42,42,43,47,51,52,57,59,60,63,65
13,萬華,1,二氧化硫,SO2,ppb,2006-08-13,1.1,1.2,1.1,1.3,1,x,1.4,1.8,2.4,2.7,4.3,1.9,1.3,1.2,1.6,1.7,2.3,1.6,1.6,1.4,1.4,2.1,2.5,2.3
13,萬華,2,一氧化碳,CO,ppm,2006-08-13,0.32,0.3,0.25,0.24,0.21,0.28,0.39,0.49,0.37,0.3,0.29,0.23,0.25,0.25,0.27,0.27,0.29,0.32,0.36,0.4,0.51,0.53,0.59,0.43
13,萬華,3,臭氧,O3,ppb,2006-08-13,5.9,5.1,5.7,5.4,x,6,7,9.6,13,18,23,27,27,24,23,22,19,16,13,12,9.6,6.7,4.5,5.4
13,萬華,4,懸浮微粒,PM10,μg/m3,2006-08-13,19,14,16,8,16,12,27,17,25,16,24,18,22,21,29,30,26,21,20,21,25,25,23,23
13,萬華,5,氮氧化物,NOx,ppb,2006-08-13,15,16,14,x,12,13,17,23,22,19,16,11,11,10,14,17,20,18,18,16,21,25,30,25
13,萬華,6,一氧化氮,NO,ppb,2006-08-13,6.5,6.8,5.5,x,4.3,5.2,8.7,13,13,8.9,6.3,3.9,3.6,3.8,5.4,6.4,8.5,7,6.1,5.2,7.4,10,14,10
13,萬華,7,二氧化氮,NO2,ppb,2006-08-13,8.4,8.7,8.1,x,7.7,8.1,8.1,10,9.8,11,10,7.4,7.1,6.3,8.3,10,11,11,12,11,13,15,16,15
13,萬華,10,風速,WIND_SPEED,m/sec,2006-08-13,2.7,3.3,3,1.7,1.8,1.7,1.3,1.7,2.6,2.8,3.2,3,3.4,3.8,3.4,4.1,4.2,3.9,4.1,3.7,3.1,3.1,3,2.4
13,萬華,11,風向,WIND_DIREC,degrees,2006-08-13,91,93,89,139,139,172,166,158,113,98,151,81,144,149,128,91,93,84,86,103,97,91,91,84
13,萬華,14,溫度,AMB_TEMP,℃,2006-08-13,30.8,30.5,30.3,29.9,29.3,29.2,29.5,30.6,32.3,34.2,35.5,36.3,37.2,37.8,37.5,36.7,35.6,34.1,32.7,31.5,31.1,30.7,30.1,30
13,萬華,33,細懸浮微粒,PM2.5,μg/m3,2006-08-13,9,19,12,14,4,12,9,15,13,17,18,16,16,13,8,14,14,19,17,18,14,12,9,11
13,萬華,38,相對濕度,RH,percent,2006-08-13,63,65,65,67,69,68,65,65,59,52,46,44,42,38,36,41,44,48,52,55,56,59,63,64
14,古亭,1,二氧化硫,SO2,ppb,2006-08-13,1.5,1.4,1.5,1.8,1.7,1.9,2.4,2.7,2.2,2.2,1.8,1.8,1.7,1.7,1.8,2,1.9,1.9,2,1.9,2,2.4,3.6,2.6
14,古亭,2,一氧化碳,CO,ppm,2006-08-13,0.2,0.2,0.19,0.2,0.21,0.31,0.44,0.39,0.3,0.31,0.25,0.27,0.24,0.23,0.25,0.26,0.28,0.34,0.41,0.31,0.33,0.48,0.52,0.35
14,古亭,3,臭氧,O3,ppb,2006-08-13,8,7.7,7.7,6.2,5.3,5,5.6,8.4,11,17,21,22,22,21,22,21,18,15,12,11,11,8.4,5.7,7.8
14,古亭,4,懸浮微粒,PM10,μg/m3,2006-08-13,19,24,23,16,17,21,28,24,29,30,32,26,23,25,18,20,17,27,24,28,26,31,24,23
14,古亭,5,氮氧化物,NOx,ppb,2006-08-13,9.8,10,8.9,12,12,19,29,25,24,24,16,17,16,14,14,16,17,19,21,18,19,27,30,19
14,古亭,6,一氧化氮,NO,ppb,2006-08-13,4.4,4.6,3.3,3.9,4.1,9.6,19,16,15,13,8.1,8.1,8.4,7.7,7.4,7.4,8.2,9.1,9.2,6.9,7.6,13,14,5.7
14,古亭,7,二氧化氮,NO2,ppb,2006-08-13,5.4,5.6,5.6,7.9,7.6,9.3,9.9,9.5,8.8,12,7.8,8.7,7.7,6.4,6.8,8.6,9.1,9.9,12,11,11,14,17,13
14,古亭,8,總碳氫化合物,THC,ppm,2006-08-13,1.9,1.9,1.9,2,2.1,2.1,2.1,2,1.9,1.9,1.9,1.9,1.9,1.9,1.9,1.9,1.9,1.9,2,1.9,2,2,2,2
14,古亭,9,非甲烷碳氫化合物,NMHC,ppm,2006-08-13,0.01,0.01,0.02,0.04,0.02,0.07,0.11,0.1,0.04,0.05,0.03,0.04,0.05,0.05,0.05,0.06,0.06,0.06,0.1,0.05,0.06,0.1,0.13,0.08
14,古亭,10,風速,WIND_SPEED,m/sec,2006-08-13,3,2.4,2.4,1.3,0.8,1.4,1.1,1.9,2.9,3,3.2,2,3.5,4.2,4.2,3.1,4,3.6,3.2,3,3.2,2.5,2.2,2.2
14,古亭,11,風向,WIND_DIREC,degrees,2006-08-13,78,85,87,174,114,188,127,97,77,87,125,95,116,107,111,97,75,100,94,95,78,89,97,113
14,古亭,14,溫度,AMB_TEMP,℃,2006-08-13,29.1,28.9,28.6,28.2,27.6,27.4,28.3,30.6,32.4,34.1,34.7,35.7,36.8,36.1,35.6,35.6,34.7,33.1,31.4,30,29.4,29.1,28.7,28.4
14,古亭,31,甲烷,CH4,ppm,2006-08-13,1.9,1.9,1.9,1.9,2.1,2,2,1.9,1.9,1.9,1.9,1.9,1.9,1.9,1.9,1.9,1.9,1.9,1.9,1.9,1.9,1.9,1.9,1.9
14,古亭,33,細懸浮微粒,PM2.5,μg/m3,2006-08-13,15,16,13,14,10,14,15,13,14,10,12,9,4,6,8,18,18,17,11,10,10,7,13,11
14,古亭,38,相對濕度,RH,percent,2006-08-13,70,70,71,73,76,76,72,67,60,54,49,46,43,42,42,45,47,52,57,61,63,65,68,69
15,松山,1,二氧化硫,SO2,ppb,2006-08-13,1.7,1.6,2.1,2.2,5.4,4.8,5.2,4,2.7,2.2,1.8,2,1.8,1.9,1.8,1.8,1.9,1.9,1.9,1.6,3.1,3.3,4.7,5.7
15,松山,2,一氧化碳,CO,ppm,2006-08-13,0.36,0.3,0.27,0.24,0.29,0.39,0.39,0.37,0.27,0.19,0.16,0.15,0.15,0.18,0.18,0.19,0.21,0.28,0.32,0.37,0.53,0.57,0.62,0.54
15,松山,3,臭氧,O3,ppb,2006-08-13,7.4,7.6,6.5,7.1,6.8,8.7,8,11,16,22,24,23,23,24,24,23,21,18,15,13,8.9,7.6,6.8,6.7
15,松山,4,懸浮微粒,PM10,μg/m3,2006-08-13,18,18,21,23,22,24,22,25,29,30,27,24,21,19,18,15,21,18,29,21,27,29,32,25
15,松山,5,氮氧化物,NOx,ppb,2006-08-13,20,21,22,14,23,34,34,28,18,10,10,10,7.3,9.4,11,9.6,11,15,17,21,32,34,40,39
15,松山,6,一氧化氮,NO,ppb,2006-08-13,11,12,13,6.7,15,25,24,18,9.9,4.6,5,5.3,3.6,4.4,5,4.7,4.9,5.7,6.2,8.6,15,18,24,24
15,松山,7,二氧化氮,NO2,ppb,2006-08-13,8.9,8.6,9.1,7.7,8.2,8.6,9.9,9.8,8.1,5.5,5.3,5,3.7,5,5.8,4.9,6.5,8.9,11,12,16,16,15,15
15,松山,10,風速,WIND_SPEED,m/sec,2006-08-13,1.7,1.2,1.4,1.5,1.3,1,1.8,2.5,2.5,2.8,3.4,2.2,3.7,3.7,3.5,3.6,4.2,3.1,2.8,2.4,2.6,1.9,2.3,2.1
15,松山,11,風向,WIND_DIREC,degrees,2006-08-13,56,112,89,98,94,101,88,67,72,81,68,83,81,59,72,70,63,64,74,77,68,96,92,67
15,松山,14,溫度,AMB_TEMP,℃,2006-08-13,28.9,28.5,28,27.6,27.1,27.2,27.9,29.3,31.1,32.5,33.7,34.4,34.7,34.9,34.7,34.1,33.4,32.3,31.1,30.1,29.6,28.7,28.2,27.9
15,松山,33,細懸浮微粒,PM2.5,μg/m3,2006-08-13,17,9,9,6,8,7,10,16,15,18,15,17,14,16,17,14,15,12,17,11,10,8,11,14
15,松山,36,二氧化碳,CO2,ppm,2006-08-13,386,390,393,396,403,406,400,390,381,375,374,373,373,373,374,374,375,377,378,381,388,395,401,402
15,松山,38,相對濕度,RH,percent,2006-08-13,66,68,70,72,74,74,71,67,60,53,48,45,44,43,43,44,46,50,53,57,60,64,66,68
17,桃園,1,二氧化硫,SO2,ppb,2006-08-13,6.1,9,11,3.8,10,3.3,3.1,4.8,8.4,4.4,4,3,1.9,2.7,2.3,2.5,3.5,3,3.4,7.6,12,14,15,16
17,桃園,2,一氧化碳,CO,ppm,2006-08-13,0.28,0.24,0.24,0.22,0.27,0.23,0.28,0.41,0.49,0.52,0.44,0.33,0.25,0.21,0.23,0.21,0.28,0.4,0.36,0.38,0.42,0.45,0.43,0.5
17,桃園,3,臭氧,O3,ppb,2006-08-13,4.4,4.6,4.5,4.1,3,6.1,5.4,8.5,19,31,35,35,32,31,29,29,27,20,16,12,9.1,7.5,6.9,4
17,桃園,4,懸浮微粒,PM10,μg/m3,2006-08-13,28,24,29,38,38,36,23,34,36,46,35,36,31,33,24,20,14,27,24,36,32,44,41,34
17,桃園,5,氮氧化物,NOx,ppb,2006-08-13,13,13,13,13,18,14,17,23,22,19,16,12,10,9,10,9.5,13,18,14,16,18,21,20,25
17,桃園,6,一氧化氮,NO,ppb,2006-08-13,2.4,2.4,2.5,2,5.5,2.8,6.3,11,7.8,4.8,4,2.7,2.7,2.1,2.7,2.7,3.2,4.1,2.2,3,2.9,4,3.1,5.5
17,桃園,7,二氧化氮,NO2,ppb,2006-08-13,11,11,10,11,13,12,11,13,14,15,13,9.8,7.6,6.9,7.6,6.8,9.5,14,12,13,15,17,17,20
17,桃園,8,總碳氫化合物,THC,ppm,2006-08-13,1.9,1.9,1.9,1.9,2.1,2,2,2.1,2.1,2,1.9,1.9,1.8,1.8,1.8,1.8,1.9,1.9,1.9,1.9,2,2,2,2.1
17,桃園,9,非甲烷碳氫化合物,NMHC,ppm,2006-08-13,0.08,0.08,0.07,0.1,0.15,0.1,0.1,0.16,0.16,0.16,0.13,0.11,0.09,0.07,0.07,0.06,0.08,0.12,0.1,0.11,0.15,0.17,0.14,0.17
17,桃園,10,風速,WIND_SPEED,m/sec,2006-08-13,1.6,3.1,3.1,1.4,2.2,1.7,2.4,2.5,3,1.8,2.3,2.3,3.4,3.2,3.1,4.1,3.9,3,3.8,3.2,2.5,2.7,2,2.7
17,桃園,11,風向,WIND_DIREC,degrees,2006-08-13,109,94,95,119,112,107,94,88,91,85,74,75,86,90,81,87,94,86,84,86,86,86,88,93
17,桃園,14,溫度,AMB_TEMP,℃,2006-08-13,30.3,30.3,29.8,29.5,29.3,29.4,29.4,30,31.6,33.3,34.9,36,36.6,36.9,36.9,36.4,35.6,34.3,32.8,31.7,30.8,30.4,30.1,29.5
17,桃園,31,甲烷,CH4,ppm,2006-08-13,1.8,1.9,1.8,1.8,1.9,1.9,1.9,2,1.9,1.9,1.8,1.8,1.8,1.8,1.8,1.8,1.8,1.8,1.8,1.8,1.8,1.8,1.9,1.9
17,桃園,33,細懸浮微粒,PM2.5,μg/m3,2006-08-13,12,11,21,21,18,9,6,11,17,26,25,24,15,8,4,0,6,10,22,23,25,24,18,20
17,桃園,38,相對濕度,RH,percent,2006-08-13,66,66,68,69,70,69,70,69,63,57,50,45,43,41,38,38,42,48,50,54,57,60,61,64
18,大園,1,二氧化硫,SO2,ppb,2006-08-13,3.3,3.1,2.2,3.7,8.9,8.5,9.9,8.2,9.5,9,12,9.2,5,4.8,5.1,5.2,5.5,6.8,5.4,4.6,5.8,4.9,5,3.8
18,大園,2,一氧化碳,CO,ppm,2006-08-13,0.23,0.21,0.17,0.19,0.23,0.25,0.33,0.38,0.39,0.36,0.33,0.16,0.09,0.09,0.1,0.11,0.12,0.15,0.27,0.31,0.29,0.28,0.25,0.33
18,大園,3,臭氧,O3,ppb,2006-08-13,4.5,5.4,6.6,5.2,4.5,6.1,6.1,7.8,13,33,62,47,38,38,33,29,25,21,15,7.5,5.7,5.7,8.2,6.3
18,大園,4,懸浮微粒,PM10,μg/m3,2006-08-13,28,22,26,29,21,39,50,39,40,52,68,56,37,32,40,42,40,45,37,34,33,31,25,21
18,大園,5,氮氧化物,NOx,ppb,2006-08-13,13,12,9.5,12,21,26,28,36,40,27,14,9.3,5.1,8.2,12,15,18,20,23,31,36,32,17,21
18,大園,6,一氧化氮,NO,ppb,2006-08-13,3.6,3,1.7,1.6,8.1,12,14,20,18,6.8,2,2,1.9,2.6,4.2,5.5,7,6.9,6.7,11,16,13,2,3.3
18,大園,7,二氧化氮,NO2,ppb,2006-08-13,9.7,9.2,7.8,10,12,13,14,16,21,20,12,7.3,3.2,5.6,8,9.1,11,13,16,20,20,19,15,18
18,大園,10,風速,WIND_SPEED,m/sec,2006-08-13,3.1,3.7,2,2.2,1.8,1.7,1.3,1.6,1.2,3.3,4.5,5.1,6.9,8,8.4,6.8,7.1,4.7,4.1,3.6,3.2,1.3,2.4,2.5
18,大園,11,風向,WIND_DIREC,degrees,2006-08-13,145,142,152,177,162,164,164,149,282,38,320,20,37,35,39,41,43,66,65,90,91,150,136,140
18,大園,14,溫度,AMB_TEMP,℃,2006-08-13,28.6,28.5,28.2,27.7,27.4,27.5,27.8,29.2,31.8,33.7,33.4,33.9,33.9,33.7,33.2,32.7,32.3,31.8,31,30.1,29.5,29,28.5,28.2
18,大園,33,細懸浮微粒,PM2.5,μg/m3,2006-08-13,12,6,9,12,5,20,27,21,23,36,50,38,16,12,11,8,12,17,11,11,20,17,12,3
18,大園,38,相對濕度,RH,percent,2006-08-13,64,64,65,68,69,69,69,65,57,52,54,51,49,51,53,54,56,55,52,54,54,56,58,61
19,觀音,1,二氧化硫,SO2,ppb,2006-08-13,13,17,22,11,18,24,25,18,7.8,12,8.3,9.6,4.7,6.1,8.1,10,12,10,13,14,4.8,4.3,3,20
19,觀音,2,一氧化碳,CO,ppm,2006-08-13,0.4,0.34,0.4,0.35,0.28,0.24,0.3,0.42,0.42,0.4,0.37,0.26,0.1,0.1,0.08,0.11,0.09,0.19,0.17,0.26,0.3,0.28,0.33,0.41
19,觀音,3,臭氧,O3,ppb,2006-08-13,7.6,7.6,9.2,8.7,7.7,x,9.5,13,24,37,62,56,34,36,33,32,29,25,18,8.1,9.6,9.1,8.5,7.8
19,觀音,4,懸浮微粒,PM10,μg/m3,2006-08-13,45,50,76,78,72,74,68,80,71,52,74,69,39,35,32,46,47,49,56,42,39,37,28,61
19,觀音,5,氮氧化物,NOx,ppb,2006-08-13,32,27,35,23,35,32,35,33,23,22,13,19,6.1,4.5,4.6,5.5,6.8,11,17,41,20,20,19,38
19,觀音,6,一氧化氮,NO,ppb,2006-08-13,18,11,10,2.9,14,12,15,14,8.6,5.5,3,3.7,2.9,1.9,1.9,2,2.4,3.2,3,18,4,3.5,3.5,14
19,觀音,7,二氧化氮,NO2,ppb,2006-08-13,14,17,25,20,21,20,19,18,15,17,9.7,15,3.2,2.6,2.7,3.5,4.4,7.5,13,23,16,16,16,24
19,觀音,8,總碳氫化合物,THC,ppm,2006-08-13,2.4,2.3,2.4,2.3,2.3,2.2,2.3,2.3,2.2,2.1,2,2,1.8,1.8,1.8,1.8,1.8,1.9,1.9,2.2,2,2.1,2.2,2.5
19,觀音,9,非甲烷碳氫化合物,NMHC,ppm,2006-08-13,0.39,0.37,0.36,0.23,0.31,0.31,0.34,0.34,0.24,0.15,0.11,0.1,0.02,0.02,0.02,0.03,0.03,0.11,0.12,0.24,0.18,0.18,0.2,0.47
19,觀音,10,風速,WIND_SPEED,m/sec,2006-08-13,2.8,2.1,1.9,1.9,2.1,2.2,2.3,2.7,1.4,2.7,2.6,4.2,3.4,3.7,6.8,7,6.8,5.7,3.1,2.7,1.9,2.1,2.2,2.3
19,觀音,11,風向,WIND_DIREC,degrees,2006-08-13,113,133,132,136,131,127,127,119,85,13,292,37,59,63,54,51,55,54,90,94,96,92,115,116
19,觀音,14,溫度,AMB_TEMP,℃,2006-08-13,29,29,28.8,28.6,28.4,28.6,28.9,30.1,33.2,34.9,34.4,33.5,33.8,34.5,33.3,32.3,31.7,30.9,30.5,30.3,29.8,29.1,28.7,28.7
19,觀音,21,酸雨,PH_RAIN,pH,2006-08-13,0,0,0,0,0,0,0,0,0,0,0,0,0,0,0,0,0,0,0,0,0,0,0,0
19,觀音,22,導電度,RAIN_COND,μmho/cm,2006-08-13,0,0,0,0,0,0,0,0,0,0,0,0,0,0,0,0,0,0,0,0,0,0,0,0
19,觀音,31,甲烷,CH4,ppm,2006-08-13,2,1.9,2,2,2,1.9,2,2,1.9,1.9,1.9,1.9,1.8,1.8,1.7,1.8,1.8,1.8,1.8,1.9,1.9,1.9,2,2
19,觀音,32,降雨強度,RAIN_INT,㎜,2006-08-13,0,0,0,0,0,0,0,0,0,0,0,0,0,0,0,0,0,0,0,0,0,0,0,0
19,觀音,33,細懸浮微粒,PM2.5,μg/m3,2006-08-13,11,16,29,30,24,28,27,22,23,29,43,37,21,18,8,11,13,19,21,11,13,16,17,19
19,觀音,38,相對濕度,RH,percent,2006-08-13,70,70,73,74,73,69,67,64,56,52,56,60,58,56,63,64,66,69,69,65,62,64,66,68
20,平鎮,1,二氧化硫,SO2,ppb,2006-08-13,4,5.5,4.6,3.6,2.2,2.1,1.8,3.5,11,11,7.5,8.3,5.3,3.1,3.3,1.2,1.1,2.3,2.9,4.1,4.7,5.5,6.5,7.6
20,平鎮,2,一氧化碳,CO,ppm,2006-08-13,0.41,0.48,0.35,0.29,0.19,0.23,0.28,0.47,0.51,0.48,0.37,0.31,0.17,0.13,0.16,0.21,0.24,0.28,0.32,0.37,0.39,0.46,0.48,0.48
20,平鎮,3,臭氧,O3,ppb,2006-08-13,6.7,11,9,8.4,9.8,10,8.9,7.7,8,13,20,33,30,24,25,25,22,19,13,8.7,7.5,7.3,6.8,5.9
20,平鎮,4,懸浮微粒,PM10,μg/m3,2006-08-13,27,52,58,38,27,29,32,40,53,58,59,64,49,30,34,34,24,25,41,32,24,28,30,31
20,平鎮,5,氮氧化物,NOx,ppb,2006-08-13,20,20,18,13,7.7,10,13,28,27,29,24,14,9.7,6.8,8.4,7.7,8.5,12,15,18,19,20,23,27
20,平鎮,6,一氧化氮,NO,ppb,2006-08-13,3.9,2,1.8,0.3,0.3,0.6,2.1,11,10,6.9,4.5,1.7,1.9,1.4,1.5,1.1,1.3,2,1.5,2.1,2.9,3,3.9,6.7
20,平鎮,7,二氧化氮,NO2,ppb,2006-08-13,16,18,17,13,7.4,9.6,11,17,17,22,19,13,7.8,5.4,6.9,6.5,7.1,10,14,16,16,17,19,20
20,平鎮,10,風速,WIND_SPEED,m/sec,2006-08-13,1.5,1.9,1.8,1.9,1.8,1.7,1.6,1.3,1.1,2,2.5,3.3,3.2,3.3,2,3.3,2.9,2.7,2.7,3.1,2.7,2.5,2.2,2.7
20,平鎮,11,風向,WIND_DIREC,degrees,2006-08-13,114,133,151,181,170,168,173,164,162,41,45,329,280,272,118,65,70,80,80,95,103,105,108,106
20,平鎮,14,溫度,AMB_TEMP,℃,2006-08-13,28.3,27.7,27.6,27.1,26.9,27,27,27.6,28.8,30.3,31.7,31.9,32.2,33.1,33.9,34.4,33.9,32.7,31.2,29.9,29.1,28.7,28.3,27.9
20,平鎮,33,細懸浮微粒,PM2.5,μg/m3,2006-08-13,5,16,20,23,15,2,2,3,15,31,31,35,26,10,18,22,22,16,17,17,10,9,12,13
20,平鎮,38,相對濕度,RH,percent,2006-08-13,65,72,69,69,61,60,59,60,62,61,56,58,54,52,50,40,40,43,48,53,56,58,60,61
21,龍潭,1,二氧化硫,SO2,ppb,2006-08-13,2.6,2.1,1.1,1.1,0.6,0.7,1,1,1.6,6.1,5.1,4.5,6.7,4.6,4.4,7.2,6.2,8,2.1,1.7,1.3,1.5,1.2,1
21,龍潭,2,一氧化碳,CO,ppm,2006-08-13,0.56,0.52,0.21,0.21,0.17,0.18,0.28,0.31,0.33,0.5,0.47,0.51,0.38,0.2,0.17,0.14,0.18,0.23,0.33,0.48,0.43,0.54,0.44,0.34
21,龍潭,3,臭氧,O3,ppb,2006-08-13,18,29,19,14,14,13,10,12,15,24,54,65,73,53,52,50,48,49,20,4.9,3.9,3.3,2.9,3.8
21,龍潭,4,懸浮微粒,PM10,μg/m3,2006-08-13,60,69,66,50,37,34,37,41,36,43,50,60,60,59,53,44,43,46,46,44,42,39,40,34
21,龍潭,5,氮氧化物,NOx,ppb,2006-08-13,26,12,7.2,11,9.1,10,16,20,22,31,20,17,15,9.5,8,7.1,8.5,11,21,31,28,35,30,24
21,龍潭,6,一氧化氮,NO,ppb,2006-08-13,4.3,0.4,0.6,0.8,0.6,1.1,3.9,6.4,8.3,10,3.4,1.9,1.3,1.7,1.2,1.1,1,1,2.5,9.8,8.5,15,12,7.1
21,龍潭,7,二氧化氮,NO2,ppb,2006-08-13,21,12,6.6,10,8.4,9.1,12,13,13,21,17,15,13,7.8,6.8,5.9,7.5,10,18,21,19,20,19,17
21,龍潭,10,風速,WIND_SPEED,m/sec,2006-08-13,1.2,1.9,1.2,1.3,1.6,1.1,0.5,1.3,1.4,2.4,2.4,3.3,4.3,3.1,3.1,3.9,3.2,3,1.5,1.5,1.3,1.3,1.5,1.4
21,龍潭,11,風向,WIND_DIREC,degrees,2006-08-13,147,132,70,140,144,123,99,125,69,50,18,293,317,283,261,248,231,274,65,72,100,106,94,100
21,龍潭,14,溫度,AMB_TEMP,℃,2006-08-13,26.6,26.2,26.3,25.8,25.6,25.7,25.8,26.3,27.6,29.8,31.8,32.4,31.4,32.5,32.9,32.4,31.4,31,30.3,29.2,28.1,27.6,26.8,26.4
21,龍潭,33,細懸浮微粒,PM2.5,μg/m3,2006-08-13,26,36,27,19,10,17,13,17,10,20,25,28,27,27,29,25,19,22,21,19,8,10,15,15
21,龍潭,38,相對濕度,RH,percent,2006-08-13,79,80,68,71,70,67,65,60,60,61,53,53,61,54,53,56,61,62,56,58,61,64,68,70
22,湖口,1,二氧化硫,SO2,ppb,2006-08-13,3.4,3.7,3.6,2.8,1.9,2.1,3.7,6.6,8.1,12,21,8,7.9,4.6,3.2,4.3,4.9,4.9,3.2,3.3,5.5,4.2,3.8,3.1
22,湖口,2,一氧化碳,CO,ppm,2006-08-13,0.45,0.42,0.38,0.39,0.33,0.34,0.47,0.4,0.28,0.25,0.38,0.26,0.21,0.09,0.03,0.05,0.07,0.19,0.21,0.27,0.37,0.34,0.5,0.36
22,湖口,3,臭氧,O3,ppb,2006-08-13,21,38,43,32,28,22,17,20,32,45,46,82,92,60,44,38,35,32,24,13,8.9,4.5,3.7,4
22,湖口,4,懸浮微粒,PM10,μg/m3,2006-08-13,67,78,83,86,81,71,73,77,67,60,55,62,77,64,40,33,33,37,41,41,41,36,33,39
22,湖口,5,氮氧化物,NOx,ppb,2006-08-13,x,x,x,x,x,x,x,x,x,x,x,x,x,x,x,x,x,x,x,x,x,x,x,x
22,湖口,6,一氧化氮,NO,ppb,2006-08-13,x,x,x,x,x,x,x,x,x,x,x,x,x,x,x,x,x,x,x,x,x,x,x,x
22,湖口,7,二氧化氮,NO2,ppb,2006-08-13,x,x,x,x,x,x,x,x,x,x,x,x,x,x,x,x,x,x,x,x,x,x,x,x
22,湖口,10,風速,WIND_SPEED,m/sec,2006-08-13,1.7,1,0.8,1.5,1.5,1.2,0.5,2.1,1.1,2.4,3,4.3,4.5,4.1,2.9,3.8,4.8,2.6,2.1,1,1.2,1.8,1.5,2.1
22,湖口,11,風向,WIND_DIREC,degrees,2006-08-13,131,67,146,109,126,81,123,58,279,318,290,327,347,329,289,29,47,181,181,181,126,114,151,119
22,湖口,14,溫度,AMB_TEMP,℃,2006-08-13,27.9,28.3,28.5,28.4,27.9,28.2,28.6,29.3,30.3,31.1,31.1,31.4,31.3,32,32.1,33.3,34,32.8,31.3,30.3,29.9,29.8,28.5,28.2
22,湖口,33,細懸浮微粒,PM2.5,μg/m3,2006-08-13,41,52,51,54,57,53,55,55,49,37,32,40,48,29,9,11,12,15,19,25,28,18,16,21
22,湖口,38,相對濕度,RH,percent,2006-08-13,82,81,79,80,81,79,78,76,69,67,66,68,69,64,64,61,55,63,68,73,75,66,73,77
23,竹東,1,二氧化硫,SO2,ppb,2006-08-13,1.3,0.9,0.5,0.6,0.4,0.4,1,1.1,2.6,4.8,5.9,9.1,9.1,5.7,4.2,3.3,2.3,2.2,2,1.7,0.3,0.9,0.7,0.6
23,竹東,2,一氧化碳,CO,ppm,2006-08-13,0.87,0.98,0.94,1.24,0.91,0.67,1.11,0.67,0.63,0.38,0.39,0.44,0.41,0.38,0.28,0.27,0.24,0.25,0.27,0.34,0.34,0.43,0.4,0.45
23,竹東,3,臭氧,O3,ppb,2006-08-13,12,8.7,9.6,7.2,9.8,15,11,14,24,39,55,66,70,82,65,57,53,51,42,40,30,20,19,19
23,竹東,4,懸浮微粒,PM10,μg/m3,2006-08-13,75,56,39,32,32,37,42,46,61,73,78,87,96,93,72,50,38,39,40,47,54,55,57,55
23,竹東,5,氮氧化物,NOx,ppb,2006-08-13,17,18,14,20,16,14,19,16,18,15,12,16,14,12,11,9.2,7.1,6.7,7.2,9.5,12,15,13,12
23,竹東,6,一氧化氮,NO,ppb,2006-08-13,1.4,2.9,1.5,3.6,2.2,1.6,4.1,3.4,4.5,3,2,1.9,1.7,1.4,1.5,1.9,1.5,1.4,1,0.9,0.9,1.1,1.2,1.3
23,竹東,7,二氧化氮,NO2,ppb,2006-08-13,16,15,13,16,14,12,15,12,13,12,10,14,13,11,9.1,7.4,5.6,5.3,6.2,8.7,11,14,12,11
23,竹東,10,風速,WIND_SPEED,m/sec,2006-08-13,1.8,2.3,1.7,2.1,1.5,1.5,1.7,1.7,2.1,1.8,1.6,2.8,2.4,2.4,2.6,2.8,3.6,3,2.6,1.7,0.9,0.8,0.8,1.4
23,竹東,11,風向,WIND_DIREC,degrees,2006-08-13,131,133,134,129,132,115,117,139,29,312,263,293,270,275,274,234,205,211,207,216,81,80,109,119
23,竹東,14,溫度,AMB_TEMP,℃,2006-08-13,28.1,28.1,28.2,28.2,28.1,27.8,27.8,28.3,30.2,30.8,31.9,32.4,32,31.5,32.3,32.8,32.7,31.8,30.8,30.2,29.4,28.8,28.3,28.2
23,竹東,33,細懸浮微粒,PM2.5,μg/m3,2006-08-13,x,x,43,x,x,40,x,x,x,x,x,x,x,x,x,x,41,x,x,48,x,x,x,x
23,竹東,38,相對濕度,RH,percent,2006-08-13,76,68,64,63,64,65,67,66,64,64,62,61,63,66,62,57,57,62,67,70,74,76,78,78
24,新竹,1,二氧化硫,SO2,ppb,2006-08-13,0.6,0.7,0.7,0.6,1.9,1.1,0.8,1.2,x,1.9,1.5,0.9,0.5,0.4,0.4,0.5,0.6,0.6,0.6,0.5,0.5,0.4,0.5,0.4
24,新竹,2,一氧化碳,CO,ppm,2006-08-13,0.75,0.82,1.16,1.31,1.16,0.96,0.91,0.91,0.52,0.45,0.39,0.39,0.41,0.38,0.23,0.17,0.28,0.49,0.59,0.59,0.42,0.4,0.42,0.37
24,新竹,3,臭氧,O3,ppb,2006-08-13,25,11,4.6,3.6,3.7,11,5.9,10,16,24,37,43,57,74,39,28,24,18,13,8.9,9.7,10,11,13
24,新竹,4,懸浮微粒,PM10,μg/m3,2006-08-13,108,95,74,59,59,39,37,61,97,106,96,75,69,85,68,38,31,33,31,37,45,49,53,49
24,新竹,5,氮氧化物,NOx,ppb,2006-08-13,30,34,34,36,31,21,29,25,22,16,14,14,11,9,13,11,4.8,18,22,24,17,16,16,13
24,新竹,6,一氧化氮,NO,ppb,2006-08-13,0.4,0.9,4.2,12,9.9,4,9,8.7,7.2,4.3,3.8,3.6,2.2,1.5,3.7,3.4,2.1,6.2,6.3,7.2,3.4,3.3,3.1,1.7
24,新竹,7,二氧化氮,NO2,ppb,2006-08-13,30,33,30,24,21,17,20,16,15,12,9.8,10,8.6,7.5,9.6,7.5,2.7,12,16,17,13,13,12,11
24,新竹,8,總碳氫化合物,THC,ppm,2006-08-13,2.8,2.9,2.7,2.6,2.7,2.6,2.6,2.4,2.4,2.3,2.2,2.1,2.2,2.2,2,2,2,2.2,2.2,2.5,2.2,2.2,2.2,2.2
24,新竹,9,非甲烷碳氫化合物,NMHC,ppm,2006-08-13,0.51,0.49,0.34,0.27,0.39,0.34,0.35,0.26,0.25,0.2,0.16,0.11,0.11,0.1,0.05,0.03,0.08,0.23,0.23,0.34,0.25,0.2,0.18,0.14
24,新竹,10,風速,WIND_SPEED,m/sec,2006-08-13,1.5,0.9,0.8,1,1.6,0.9,1.4,1.3,1.1,1.8,2.4,2.5,3.3,2.2,2.4,1.9,1.8,2.2,1.4,1.2,0.8,1.5,1.4,1.2
24,新竹,11,風向,WIND_DIREC,degrees,2006-08-13,95,99,84,115,108,94,94,107,52,357,298,313,286,263,36,286,244,213,185,160,143,159,165,116
24,新竹,14,溫度,AMB_TEMP,℃,2006-08-13,29.4,29.2,29.1,29,28.9,28.7,28.6,29.1,30.1,30.8,31.7,32.3,31.9,31.7,32.1,32.2,32,31.8,30.9,30.4,30.1,29.8,29.4,29.2
24,新竹,31,甲烷,CH4,ppm,2006-08-13,2.3,2.4,2.3,2.3,2.3,2.3,2.2,2.1,2.1,2.1,2.1,2,2.1,2.1,2,2,1.9,2,2,2.1,2,2,2,2
24,新竹,33,細懸浮微粒,PM2.5,μg/m3,2006-08-13,65,64,55,44,31,23,30,40,51,54,51,41,41,52,40,25,21,14,10,10,12,16,18,19
24,新竹,38,相對濕度,RH,percent,2006-08-13,76,76,74,70,67,67,70,71,70,67,64,60,63,67,62,62,65,66,68,70,71,71,74,74
25,頭份,1,二氧化硫,SO2,ppb,2006-08-13,4.5,2.3,2,1.6,4.3,5.7,3.5,5.9,7,6.3,8.5,6.7,8.4,11,5.2,3.8,2.5,3.3,2.5,5.6,7.3,2.8,2.5,2
25,頭份,2,一氧化碳,CO,ppm,2006-08-13,0.43,0.4,0.41,0.38,0.36,0.41,0.47,0.52,0.53,0.49,0.4,0.27,0.22,0.27,0.19,0.11,0.12,0.16,0.19,0.21,0.28,0.24,0.29,0.27
25,頭份,3,臭氧,O3,ppb,2006-08-13,51,43,35,26,20,16,13,19,24,40,57,75,78,93,78,45,34,30,29,22,11,16,17,25
25,頭份,4,懸浮微粒,PM10,μg/m3,2006-08-13,90,71,69,62,57,64,74,76,73,63,57,61,56,60,57,38,27,24,24,28,35,33,33,44
25,頭份,5,氮氧化物,NOx,ppb,2006-08-13,14,8.6,10,8.9,10,15,15,19,24,19,13,7.1,5.1,4.4,3.2,1.5,1.3,4.1,4.4,11,22,13,13,9.4
25,頭份,6,一氧化氮,NO,ppb,2006-08-13,0.7,0.6,0.6,0.8,0.4,0.8,2.8,4.6,7.8,3.7,2,1.1,1,0.7,0.8,0.9,1,1.5,1,1.8,4.7,1.1,0.8,0.5
25,頭份,7,二氧化氮,NO2,ppb,2006-08-13,13,8,9.5,8.1,9.6,14,12,14,16,15,11,6.1,4.2,3.6,2.5,0.6,0.3,2.6,3.5,9.6,17,11,12,8.9
25,頭份,10,風速,WIND_SPEED,m/sec,2006-08-13,1.5,1.3,1.2,1.2,0.6,1.1,1.2,1.7,1.5,1.9,2.6,3.9,3.9,4,3.9,2.9,2,3.2,3.1,2.2,2.4,1.6,0.9,1.5
25,頭份,11,風向,WIND_DIREC,degrees,2006-08-13,111,80,96,94,183,75,88,68,93,207,300,313,315,43,314,358,310,244,216,210,198,181,145,132
25,頭份,14,溫度,AMB_TEMP,℃,2006-08-13,28.6,28.2,28.3,28.2,28.2,28.2,28.1,28.9,30.1,31.1,31,31.5,31.6,31.3,31.1,31,30.9,30.5,30,29.6,29.2,28.7,28.4,28.1
25,頭份,33,細懸浮微粒,PM2.5,μg/m3,2006-08-13,63,51,48,47,44,50,52,50,48,41,43,43,37,44,44,24,9,6,10,12,14,12,11,19
25,頭份,38,相對濕度,RH,percent,2006-08-13,79,81,81,81,81,82,82,79,74,67,68,67,66,68,70,67,69,70,72,74,76,78,79,79
26,苗栗,1,二氧化硫,SO2,ppb,2006-08-13,4.2,4.5,3.1,4.7,7,4.6,3.4,2.9,2.4,3,3.2,3.6,4.2,5.7,9.2,5.6,4,2.7,2.3,2,2,2.2,2.8,3.4
26,苗栗,2,一氧化碳,CO,ppm,2006-08-13,0.36,0.48,0.49,0.51,0.4,0.29,0.29,0.33,0.28,0.25,0.21,0.31,0.31,0.25,0.28,0.29,0.2,0.21,0.24,0.31,0.27,0.26,0.33,0.29
26,苗栗,3,臭氧,O3,ppb,2006-08-13,59,15,11,12,11,12,16,18,21,30,39,48,58,68,73,61,44,25,19,16,14,13,28,45
26,苗栗,4,懸浮微粒,PM10,μg/m3,2006-08-13,64,62,65,71,70,63,54,47,42,41,36,37,41,49,61,65,61,45,31,27,27,28,29,41
26,苗栗,5,氮氧化物,NOx,ppb,2006-08-13,9.1,21,21,21,19,15,12,12,8,5.4,4.8,7.3,7.9,5.8,8.1,11,4.6,5.1,6.6,9.2,7.5,7.5,11,7.1
26,苗栗,6,一氧化氮,NO,ppb,2006-08-13,0.5,0.7,1,1.4,1.3,1.6,2.5,3.9,3.1,2.4,2,1.9,1.5,1.4,1.5,1.9,1.8,2.1,2.2,2.8,1.9,1.5,1.4,1
26,苗栗,7,二氧化氮,NO2,ppb,2006-08-13,8.6,20,20,20,17,13,9,8.1,5,3,2.8,5.4,6.4,4.4,6.7,8.9,2.8,3,4.4,6.4,5.5,6,9.7,6.1
26,苗栗,10,風速,WIND_SPEED,m/sec,2006-08-13,1.7,1.5,0.9,1.5,1.6,2.3,1.5,1.4,1.9,1.4,1,2.2,1.9,2.4,3.4,2.2,1.7,1.8,2,0.9,2.2,1.7,1.3,0.8
26,苗栗,11,風向,WIND_DIREC,degrees,2006-08-13,189,194,333,206,188,197,133,97,94,201,288,298,303,303,317,315,295,277,267,266,193,198,202,213
26,苗栗,14,溫度,AMB_TEMP,℃,2006-08-13,30.1,30,29.7,29.4,29.3,29.2,29.5,29.8,30.2,31,32.1,32,31.2,31.5,31.3,31,31.4,31.1,30,29.3,29.3,29,29.2,29.3
26,苗栗,33,細懸浮微粒,PM2.5,μg/m3,2006-08-13,46,50,56,54,46,35,27,24,22,23,23,22,32,38,46,51,34,16,12,14,13,10,18,35
26,苗栗,38,相對濕度,RH,percent,2006-08-13,72,77,77,79,78,76,71,71,69,65,60,63,69,68,69,71,66,68,73,76,76,78,74,71
27,三義,1,二氧化硫,SO2,ppb,2006-08-13,3.7,3.7,4.5,14,4.3,2.8,2.3,2.2,2,3.4,3.3,3.7,4.3,3.4,3.6,5.3,4.1,3.6,3.2,2.3,1.7,2.2,2.5,2.2
27,三義,2,一氧化碳,CO,ppm,2006-08-13,0.52,0.54,0.49,0.4,0.2,0.15,0.13,0.13,0.12,0.13,0.15,0.21,0.22,0.21,0.19,0.2,0.23,0.26,0.23,0.27,0.28,0.43,0.28,0.31
27,三義,3,臭氧,O3,ppb,2006-08-13,11,8.8,5,4.6,10,21,23,23,25,31,43,50,57,61,64,70,73,60,52,38,27,19,43,41
27,三義,4,懸浮微粒,PM10,μg/m3,2006-08-13,92,94,81,76,65,53,42,35,45,55,54,49,53,64,65,71,78,85,80,65,70,74,75,80
27,三義,5,氮氧化物,NOx,ppb,2006-08-13,23,19,22,23,14,6.4,4.6,5.1,8.9,7.2,6.9,11,8.4,9.2,7.5,6.6,6.3,5.2,5.8,6.5,6.9,23,9.4,11
27,三義,6,一氧化氮,NO,ppb,2006-08-13,1.8,0.6,0.8,1.5,0.7,0.2,0.5,1.3,2.5,1.7,1,1.1,0.7,0.8,0.6,0.5,0.2,0.2,0.1,0.6,0.5,2.9,0.4,0.3
27,三義,7,二氧化氮,NO2,ppb,2006-08-13,21,19,21,22,14,6.2,4.1,3.8,6.4,5.5,6,9.4,7.7,8.3,6.9,6.1,6,5,5.7,5.9,6.4,21,9,11
27,三義,8,總碳氫化合物,THC,ppm,2006-08-13,2.1,2.2,2.2,2.2,2,1.9,1.8,1.8,1.8,1.8,1.8,1.8,1.9,1.9,1.8,1.8,1.8,1.8,1.8,1.9,1.9,2,1.9,1.9
27,三義,9,非甲烷碳氫化合物,NMHC,ppm,2006-08-13,0.16,0.23,0.21,0.18,0.07,0.03,0.01,0,0,0.01,0.01,0.04,0.03,0.02,0.01,0.01,0.02,0.04,0.02,0.04,0.04,0.08,0.03,0.03
27,三義,10,風速,WIND_SPEED,m/sec,2006-08-13,1.6,1.7,1.8,2.9,3.5,3.6,3.7,2.7,2.4,2.8,1.5,1.5,2.5,3,4.4,3.1,3.2,1.8,0.5,0.5,0.5,0.8,1.2,1
27,三義,11,風向,WIND_DIREC,degrees,2006-08-13,196,203,190,193,188,177,176,164,164,184,171,295,303,329,68,24,54,37,72,344,197,221,224,196
27,三義,14,溫度,AMB_TEMP,℃,2006-08-13,26.3,26.2,26.2,26.1,25.7,25.6,25.8,26.7,27.3,28.1,29.5,29,28.9,28.2,28.1,27.6,27.4,27.4,26.7,26.2,25.7,25.4,25.6,25.4
27,三義,21,酸雨,PH_RAIN,pH,2006-08-13,0,0,0,0,0,0,0,0,0,0,0,0,0,0,0,0,0,0,0,0,0,0,0,0
27,三義,22,導電度,RAIN_COND,μmho/cm,2006-08-13,0,0,0,0,0,0,0,0,0,0,0,0,0,0,0,0,0,0,0,0,0,0,0,0
27,三義,31,甲烷,CH4,ppm,2006-08-13,1.9,2,1.9,2,1.9,1.9,1.8,1.8,1.8,1.8,1.8,1.8,1.8,1.9,1.8,1.8,1.8,1.8,1.8,1.8,1.9,1.9,1.8,1.8
27,三義,32,降雨強度,RAIN_INT,㎜,2006-08-13,0,0,0,0,0,0,0,0,0,0,0,0,0,0,0,0,0,0,0,0,0,0,0,0
27,三義,33,細懸浮微粒,PM2.5,μg/m3,2006-08-13,48,49,48,40,31,29,22,19,17,14,20,24,29,34,37,44,52,60,54,43,45,46,52,58
27,三義,38,相對濕度,RH,percent,2006-08-13,87,87,86,86,84,82,79,75,70,67,63,66,70,75,76,76,78,76,81,83,84,85,83,83
28,豐原,1,二氧化硫,SO2,ppb,2006-08-13,3.6,3.6,5.6,4.2,2.9,2.3,2.1,1.6,1.8,4.5,3.9,2.1,3.7,4.2,3.8,4.1,5.5,4,3.4,2.7,3.6,4,2.2,2.1
28,豐原,2,一氧化碳,CO,ppm,2006-08-13,0.54,0.42,0.41,0.29,0.21,0.32,0.32,0.29,0.23,0.28,0.3,0.31,0.25,0.25,0.28,0.27,0.29,0.32,0.38,0.43,0.56,0.76,0.58,0.42
28,豐原,3,臭氧,O3,ppb,2006-08-13,8.2,11,8.6,12,15,15,16,21,27,36,49,57,63,70,73,71,76,70,57,51,28,21,40,45
28,豐原,4,懸浮微粒,PM10,μg/m3,2006-08-13,73,59,62,58,44,49,51,38,35,40,45,51,62,57,56,70,70,70,75,65,65,79,78,80
28,豐原,5,氮氧化物,NOx,ppb,2006-08-13,24,18,18,14,11,11,11,11,8.5,7.2,8.2,8.8,8.2,8.9,11,13,8.2,8.8,10,14,23,26,17,13
28,豐原,6,一氧化氮,NO,ppb,2006-08-13,1.5,1,1,0.6,0.5,0.8,1.6,1.8,1.4,1.4,1.1,0.8,0.6,0.7,0.9,1.1,0.6,0.3,0.3,0.4,0.4,0.9,0.6,0.4
28,豐原,7,二氧化氮,NO2,ppb,2006-08-13,23,17,17,13,10,10,9.5,9.3,7.2,5.8,7.1,8,7.7,8.2,10,12,7.6,8.5,9.9,13,23,25,17,13
28,豐原,8,總碳氫化合物,THC,ppm,2006-08-13,2.1,2,2.1,2,1.9,2,1.9,1.8,1.7,1.8,1.8,1.8,1.8,1.8,1.8,1.8,1.8,1.8,1.8,1.9,2.1,2.2,2,1.9
28,豐原,9,非甲烷碳氫化合物,NMHC,ppm,2006-08-13,0.24,0.17,0.22,0.15,0.08,0.11,0.11,0.09,0.07,0.09,0.1,0.1,0.05,0.04,0.04,0.03,0.04,0.06,0.1,0.11,0.18,0.29,0.18,0.11
28,豐原,10,風速,WIND_SPEED,m/sec,2006-08-13,2.4,2,1.9,2.8,3.3,2.5,2.6,1.9,2.4,3.3,2.4,1.9,2.7,3.1,2.7,3.4,3,3.3,1.9,1.7,1.1,1.1,1.7,2.5
28,豐原,11,風向,WIND_DIREC,degrees,2006-08-13,171,179,174,184,170,156,163,178,160,147,242,275,303,317,301,319,302,314,312,321,304,110,164,171
28,豐原,14,溫度,AMB_TEMP,℃,2006-08-13,28,27.7,27.5,27.5,27.1,26.9,27,27.9,28.7,29.7,30.3,30.4,30.2,30,30.4,30.2,29.9,29.4,28.9,28.6,28.2,28.1,27.9,27.6
28,豐原,31,甲烷,CH4,ppm,2006-08-13,1.8,1.8,1.9,1.9,1.8,1.9,1.8,1.7,1.7,1.7,1.7,1.7,1.8,1.8,1.8,1.8,1.8,1.7,1.7,1.8,1.9,1.9,1.8,1.8
28,豐原,33,細懸浮微粒,PM2.5,μg/m3,2006-08-13,48,46,29,35,26,31,33,23,19,18,29,21,16,33,41,41,39,53,46,47,62,52,40,46
28,豐原,38,相對濕度,RH,percent,2006-08-13,80,80,81,80,79,80,78,73,67,64,61,61,65,69,67,67,68,70,71,71,76,76,75,76
29,沙鹿,1,二氧化硫,SO2,ppb,2006-08-13,4.2,6.6,6.1,5.4,2.6,3.6,2.9,2.3,3.6,5.1,5.7,4,7.1,7.8,3.7,4.7,5,3.4,3.2,1.8,1.3,1.3,1.5,2.4
29,沙鹿,2,一氧化碳,CO,ppm,2006-08-13,0.51,0.54,0.4,0.18,0.15,0.13,0.13,0.17,0.16,0.18,0.18,0.17,0.19,0.18,0.15,0.16,0.19,0.2,0.23,0.19,0.21,0.21,0.21,0.36
29,沙鹿,3,臭氧,O3,ppb,2006-08-13,30,9.9,9.1,16,19,20,22,25,31,44,58,65,76,82,81,88,94,86,64,33,19,17,18,11
29,沙鹿,4,懸浮微粒,PM10,μg/m3,2006-08-13,81,71,63,56,44,36,31,26,28,23,24,40,50,49,48,49,54,55,56,45,31,25,22,28
29,沙鹿,5,氮氧化物,NOx,ppb,2006-08-13,21,28,26,12,9.3,9.3,7.7,8.5,8.1,6.6,5.3,5.5,9.8,9.8,3.5,2.8,2.7,3.2,4.1,6.8,7.8,8.3,7.9,20
29,沙鹿,6,一氧化氮,NO,ppb,2006-08-13,0.1,4,5.5,2,1.7,1.9,2.2,3.3,3.7,2.9,2,1.9,2,2,1.9,1.6,1.6,1.6,1.5,1.6,1.9,1.8,1.8,5.3
29,沙鹿,7,二氧化氮,NO2,ppb,2006-08-13,21,25,21,10,7.6,7.3,5.5,5.1,4.4,3.7,3.3,3.6,7.7,7.9,1.7,1.2,1.1,1.6,2.5,5.2,5.9,6.5,6.1,14
29,沙鹿,10,風速,WIND_SPEED,m/sec,2006-08-13,2,2.4,1.7,2,2.4,2.4,3.2,3,2.5,3.5,1.3,2.6,2.8,3.3,4.5,4.1,4.2,3.2,2.8,2.5,1.7,0.9,0.7,2.2
29,沙鹿,11,風向,WIND_DIREC,degrees,2006-08-13,204,201,193,189,180,166,158,147,183,212,214,286,299,329,348,326,4.4,348,41,28,24,3.2,206,199
29,沙鹿,14,溫度,AMB_TEMP,℃,2006-08-13,29.6,29.3,28.9,28.6,28.5,28.4,28.7,29.5,30.3,31.1,31.3,31.8,31.9,31.9,32,31.9,31.5,30.9,30.3,29.7,29.3,28.9,29,28.7
29,沙鹿,33,細懸浮微粒,PM2.5,μg/m3,2006-08-13,39,42,29,26,24,21,19,21,13,21,29,26,28,30,29,33,45,44,37,17,16,9,10,12
29,沙鹿,38,相對濕度,RH,percent,2006-08-13,78,80,82,82,81,79,77,72,69,65,64,64,65,65,65,66,68,71,72,75,77,79,79,80
30,大里,1,二氧化硫,SO2,ppb,2006-08-13,2,2,1.8,1.7,1.6,1.6,1.6,1.7,1.8,2,2.9,3.2,3.5,4.1,6.1,4.1,4.4,4.7,3.5,3.8,4.5,3.5,2.7,2.4
30,大里,2,一氧化碳,CO,ppm,2006-08-13,0.41,0.45,0.38,0.25,0.22,0.22,0.23,0.24,0.21,0.23,0.24,0.23,0.2,0.21,0.3,0.3,0.33,0.35,0.43,0.54,0.75,0.75,0.56,0.44
30,大里,3,臭氧,O3,ppb,2006-08-13,3.4,2.4,3.6,9.2,11,14,15,19,25,32,41,43,48,62,71,69,76,75,67,49,37,34,29,34
30,大里,4,懸浮微粒,PM10,μg/m3,2006-08-13,54,67,77,71,63,53,49,43,33,31,35,41,45,39,54,55,67,67,75,77,73,80,81,95
30,大里,5,氮氧化物,NOx,ppb,2006-08-13,19,20,17,7.7,6.9,7,8.5,8.3,5.1,7,8.2,7.1,7.3,8.6,14,10,10,12,12,16,23,20,16,11
30,大里,6,一氧化氮,NO,ppb,2006-08-13,2.4,4,2.2,1.6,1.8,1.6,2.1,3.1,2.9,2.6,2.9,2.5,2.3,2,2.4,1.9,1.5,1.8,1.7,1.6,1.7,2.1,1.8,1.7
30,大里,7,二氧化氮,NO2,ppb,2006-08-13,16,16,15,6,5,5.4,6.4,5.1,2.2,4.3,5.3,4.6,4.9,6.6,12,8.3,9,9.9,11,15,22,18,14,8.8
30,大里,10,風速,WIND_SPEED,m/sec,2006-08-13,1.2,0.8,1.5,1.5,2.5,1.9,2.2,2.6,2.1,2,2.5,1.9,1.8,3.1,3,2.3,2.3,2.5,2.2,0.7,1.3,1.3,1.3,1.8
30,大里,11,風向,WIND_DIREC,degrees,2006-08-13,193,218,223,194,174,149,148,159,183,188,215,206,258,309,311,310,322,332,32,45,105,188,157,174
30,大里,14,溫度,AMB_TEMP,℃,2006-08-13,29.2,29,28.9,28.6,28.4,28.3,28.4,29.4,31,32.3,34.3,35.2,36.4,35.4,33.2,32.9,32,31.6,30.9,30.5,30.5,29.8,28.9,28.6
30,大里,33,細懸浮微粒,PM2.5,μg/m3,2006-08-13,34,44,37,33,33,28,33,25,25,14,15,17,25,26,30,31,41,47,53,50,56,60,65,61
30,大里,36,二氧化碳,CO2,ppm,2006-08-13,400,408,400,384,392,391,386,377,371,371,369,368,367,372,381,376,382,384,381,383,388,402,407,406
30,大里,38,相對濕度,RH,percent,2006-08-13,78,79,79,79,78,77,75,69,61,56,51,48,44,50,57,57,61,62,65,67,66,71,75,76
31,忠明,1,二氧化硫,SO2,ppb,2006-08-13,6.8,11,3.9,2.3,1.8,1.8,2,1.7,2.7,4.3,2.2,1.7,2.4,4.4,3.2,3.4,4,3.4,2.5,2.1,2.1,2.2,2.5,3
31,忠明,2,一氧化碳,CO,ppm,2006-08-13,0.46,0.37,0.32,0.27,0.22,0.19,0.23,0.3,0.24,0.24,0.24,0.24,0.22,0.23,0.25,0.27,0.32,0.37,0.41,0.4,0.59,0.75,1.05,0.69
31,忠明,3,臭氧,O3,ppb,2006-08-13,7.3,10,8.8,7.3,9.1,16,13,16,23,34,42,45,51,67,66,71,75,72,51,51,28,5.6,12,16
31,忠明,4,懸浮微粒,PM10,μg/m3,2006-08-13,57,47,68,69,62,39,26,38,22,19,46,54,40,46,57,52,59,69,65,78,86,64,71,99
31,忠明,5,氮氧化物,NOx,ppb,2006-08-13,23,19,17,15,11,10,12,17,11,11,11,11,10,10,8,7.5,12,14,14,12,24,33,38,27
31,忠明,6,一氧化氮,NO,ppb,2006-08-13,2.4,2,1.7,2.2,1.8,1.9,2.7,4.3,3.7,3,2.3,2.2,1.5,1.3,1.1,1.3,1.2,1.3,1.2,0.8,1.1,3.1,4,2.2
31,忠明,7,二氧化氮,NO2,ppb,2006-08-13,20,17,15,12,9.6,8.2,9,12,7.6,7.9,8.6,8.8,8.6,9,6.9,6.2,11,12,13,11,23,29,34,25
31,忠明,10,風速,WIND_SPEED,m/sec,2006-08-13,1.4,1.6,1.8,2.1,2,1.3,1.6,1.2,2,1.6,2,1.1,1.6,2.2,2.5,2.6,2.9,2.5,2.1,1.5,1.2,0.4,1.1,1.8
31,忠明,11,風向,WIND_DIREC,degrees,2006-08-13,177,175,177,173,172,163,133,181,156,160,228,267,286,298,323,318,308,13,13,345,341,230,175,194
31,忠明,14,溫度,AMB_TEMP,℃,2006-08-13,29.4,29.1,28.8,28.4,28.2,28.3,28.4,29,29.8,30.4,31.1,31.6,32,32,31.4,31.7,31.2,30.7,30.2,29.9,29.6,29.4,29.4,28.8
31,忠明,33,細懸浮微粒,PM2.5,μg/m3,2006-08-13,33,50,44,25,20,19,29,40,x,17,15,20,23,32,44,46,55,68,53,56,61,46,46,74
31,忠明,38,相對濕度,RH,percent,2006-08-13,75,75,78,78,78,74,74,71,66,63,62,60,60,62,64,63,65,68,69,68,72,74,73,76
32,西屯,1,二氧化硫,SO2,ppb,2006-08-13,3.4,9.1,10,7.5,2.5,1.4,1.2,1.2,1.3,2.8,5.2,4.7,2.7,6.7,5.5,4.5,2.7,1.4,1,1.1,1,0.9,1.9,6.1
32,西屯,2,一氧化碳,CO,ppm,2006-08-13,0.53,0.49,0.38,0.25,0.22,0.22,0.24,0.26,0.21,0.18,0.17,0.15,0.16,0.24,0.19,0.21,0.24,0.25,0.29,0.37,0.39,0.45,0.58,0.61
32,西屯,3,臭氧,O3,ppb,2006-08-13,6.4,4.5,4.9,11,13,12,14,18,25,38,50,55,60,73,73,74,83,79,58,45,28,12,7.6,7.9
32,西屯,4,懸浮微粒,PM10,μg/m3,2006-08-13,69,69,66,55,50,44,43,42,33,39,37,41,35,44,49,55,61,69,70,67,67,59,53,47
32,西屯,5,氮氧化物,NOx,ppb,2006-08-13,31,31,27,11,9.3,13,14,13,9.2,6.3,5.3,6.8,5.5,11,8.6,6.5,6.7,7.2,11,17,18,20,23,30
32,西屯,6,一氧化氮,NO,ppb,2006-08-13,8,12,9.5,1.3,1.4,2.4,4.2,5.3,4.2,2.5,1.9,2,1.7,1.8,1.7,1.4,1.6,1.5,1.3,1.5,1.5,2.6,3.7,4.5
32,西屯,7,二氧化氮,NO2,ppb,2006-08-13,23,19,17,10,7.9,11,9.8,7.3,5,3.8,3.4,4.8,3.8,9.7,6.9,5.1,5.1,5.7,9.9,15,16,18,19,25
32,西屯,8,總碳氫化合物,THC,ppm,2006-08-13,2.2,2.7,2.5,x,x,x,x,x,x,x,x,x,x,x,x,x,x,x,x,x,x,x,2.5,2.3
32,西屯,9,非甲烷碳氫化合物,NMHC,ppm,2006-08-13,0.11,0.7,0.51,x,x,x,x,x,x,x,x,x,x,x,x,x,x,x,x,x,x,x,0.06,0.09
32,西屯,21,酸雨,PH_RAIN,pH,2006-08-13,0,0,0,0,0,0,0,0,0,0,0,0,0,0,0,0,0,0,0,0,0,0,0,0
32,西屯,22,導電度,RAIN_COND,μmho/cm,2006-08-13,0,0,0,0,0,0,0,0,0,0,0,0,0,0,0,0,0,0,0,0,0,0,0,0
32,西屯,31,甲烷,CH4,ppm,2006-08-13,2.1,2,2,x,x,x,x,x,x,x,x,x,x,x,x,x,x,x,x,x,x,x,2.4,2.2
32,西屯,32,降雨強度,RAIN_INT,㎜,2006-08-13,0,0,0,0,0,0,0,0,0,0,0,0,0,0,0,0,0,0,0,0,0,0,0,0
32,西屯,33,細懸浮微粒,PM2.5,μg/m3,2006-08-13,56,45,48,36,39,28,27,25,28,34,33,31,30,27,25,30,43,47,49,45,43,34,34,43
33,彰化,1,二氧化硫,SO2,ppb,2006-08-13,4.1,2.5,2.9,3.1,2.4,2.7,4.5,4.1,5.6,5,2.9,1.1,1.7,2.1,2.4,13,8,5.2,4.7,4.1,2.7,2.1,3,4.8
33,彰化,2,一氧化碳,CO,ppm,2006-08-13,0.54,0.46,0.34,0.3,0.27,0.27,0.3,0.29,0.28,0.27,0.26,0.24,0.26,0.25,0.27,0.52,0.42,0.46,0.48,0.51,0.49,0.41,0.46,0.64
33,彰化,3,臭氧,O3,ppb,2006-08-13,5.7,6.5,11,15,17,20,18,23,33,46,51,44,47,52,56,59,77,78,65,42,15,9.1,7.8,9.9
33,彰化,4,懸浮微粒,PM10,μg/m3,2006-08-13,61,57,52,47,47,47,43,38,31,37,39,42,38,42,44,51,60,69,67,65,55,45,33,46
33,彰化,5,氮氧化物,NOx,ppb,2006-08-13,26,25,17,13,10,8.1,10,8.9,5.5,6,6.6,4.1,6.3,8.9,8.4,29,18,14,17,21,28,23,25,26
33,彰化,6,一氧化氮,NO,ppb,2006-08-13,5.7,5.6,2.8,1.2,0.9,0.8,1.7,2.6,1.2,1,1.1,0.9,1.2,1.6,1.4,2.7,1.8,1.3,1.1,0.8,5.7,6.6,7.2,2.2
33,彰化,7,二氧化氮,NO2,ppb,2006-08-13,20,19,14,12,9.2,7.2,8.5,6.3,4.3,5,5.5,3.1,5.1,7.4,7,26,16,13,16,20,23,17,17,24
33,彰化,8,總碳氫化合物,THC,ppm,2006-08-13,2.2,2.1,2,x,x,x,x,x,x,x,x,x,x,x,x,1.7,1.8,x,1.8,1.8,1.9,1.8,1.8,2.1
33,彰化,9,非甲烷碳氫化合物,NMHC,ppm,2006-08-13,0.16,0.04,0.01,x,x,x,x,x,x,x,x,x,x,x,x,0.01,0,x,0,0.02,0.05,0.02,0.01,0.12
33,彰化,10,風速,WIND_SPEED,m/sec,2006-08-13,2.1,1.6,3.3,3.1,4.1,3.1,3.3,2.7,2.8,3,2.4,2.8,2.6,3.1,3.4,3.5,2.8,2.4,2.6,1.8,1.8,1.1,0.9,2
33,彰化,11,風向,WIND_DIREC,degrees,2006-08-13,221,218,227,225,202,187,169,176,208,237,242,255,291,298,318,349,56,41,58,0.6,330,308,241,201
33,彰化,14,溫度,AMB_TEMP,℃,2006-08-13,29.9,29.7,29.6,29.2,29,29,29.1,29.9,30.7,31.4,32,32.9,33,32.6,32.5,32.2,32.3,31.8,31.1,30.5,30.1,29.7,29.6,29.5
33,彰化,31,甲烷,CH4,ppm,2006-08-13,2,2,2,x,x,x,x,x,x,x,x,x,x,x,x,1.7,1.8,x,1.8,1.8,1.8,1.8,1.8,2
33,彰化,33,細懸浮微粒,PM2.5,μg/m3,2006-08-13,32,29,25,36,36,36,31,34,28,30,32,28,36,17,34,28,57,51,60,41,48,33,27,31
33,彰化,38,相對濕度,RH,percent,2006-08-13,74,74,74,76,77,76,73,65,62,60,58,55,57,59,59,60,61,62,66,68,70,71,71,71
34,線西,1,二氧化硫,SO2,ppb,2006-08-13,2.3,2.1,2.6,2.7,2,1.9,1.9,2.2,3.1,5.6,3,3.7,2.8,2.2,3.8,5.3,11,7.1,5.2,3.7,3.4,2.8,2,1.9
34,線西,2,一氧化碳,CO,ppm,2006-08-13,0.31,0.24,0.18,0.13,0.12,0.13,0.17,0.18,0.17,0.17,0.16,0.15,0.12,0.13,0.21,0.18,0.27,0.3,0.21,0.15,0.15,0.13,0.11,0.13
34,線西,3,臭氧,O3,ppb,2006-08-13,11,14,17,16,20,18,16,20,29,40,46,55,49,52,71,79,77,75,60,38,19,16,14,13
34,線西,4,懸浮微粒,PM10,μg/m3,2006-08-13,68,64,68,64,57,58,61,53,42,63,90,81,52,35,45,65,84,91,83,55,36,32,25,26
34,線西,5,氮氧化物,NOx,ppb,2006-08-13,12,7.9,7.7,7.8,x,4.4,6.3,7.1,6.1,11,7.2,7.6,5.9,3.3,4,5.4,15,9.3,5.6,6.7,6.3,6,6.5,5.7
34,線西,6,一氧化氮,NO,ppb,2006-08-13,0.5,0.3,0.4,0.1,x,0.1,0.5,1.4,0.8,2.4,0.9,0.6,0.6,0.6,0.6,0.5,1.2,0.8,0.5,0.4,0.4,0.1,0.1,0.1
34,線西,7,二氧化氮,NO2,ppb,2006-08-13,12,7.6,7.3,7.8,x,4.3,5.8,5.7,5.2,8.5,6.3,7,5.4,2.7,3.4,4.9,13,8.5,5.2,6.4,5.9,5.9,6.3,5.6
34,線西,10,風速,WIND_SPEED,m/sec,2006-08-13,2.6,3,3.2,3.2,3.3,3.2,3.4,3.1,2.4,3,2,2.9,3.4,3.2,3.8,4.2,5,3.7,2.2,2.4,2.3,1.2,0.6,1.4
34,線西,11,風向,WIND_DIREC,degrees,2006-08-13,237,245,238,226,220,202,189,198,204,245,260,275,300,48,44,41,41,45,55,39,39,22,259,226
34,線西,14,溫度,AMB_TEMP,℃,2006-08-13,29.5,29,28.8,28.4,28.3,28.2,28.4,29.5,30.2,31.3,31.9,31.8,32.4,32.7,31.7,31.2,31.1,30.8,30.1,29.7,29.3,29.2,29.1,28.9
34,線西,33,細懸浮微粒,PM2.5,μg/m3,2006-08-13,38,31,32,29,29,26,26,25,24,24,28,28,25,21,21,30,39,49,48,39,24,12,9,8
34,線西,38,相對濕度,RH,percent,2006-08-13,77,78,78,80,80,81,79,71,66,63,60,62,60,58,63,66,67,68,70,71,74,77,77,78
35,二林,1,二氧化硫,SO2,ppb,2006-08-13,2.3,3.3,3.2,2.8,2.6,x,2.8,3.4,2.6,2,2,1.7,2.2,5.1,7.9,6.3,7.8,4.4,7.8,5.3,4.1,2.9,1.9,1.8
35,二林,2,一氧化碳,CO,ppm,2006-08-13,0.2,0.17,x,0.14,0.11,0.12,0.23,0.23,0.14,0.11,0.11,0.1,0.1,0.15,0.15,0.14,0.16,0.2,0.31,0.34,0.29,0.29,0.14,0.22
35,二林,3,臭氧,O3,ppb,2006-08-13,18,15,12,14,x,16,11,19,31,33,36,34,33,41,61,60,72,73,74,60,46,28,16,12
35,二林,4,懸浮微粒,PM10,μg/m3,2006-08-13,46,51,53,48,43,40,42,46,47,36,34,23,29,27,36,34,32,38,51,64,66,48,33,26
35,二林,5,氮氧化物,NOx,ppb,2006-08-13,x,8.6,10,x,x,4.7,9.5,8.6,5.1,4.4,1.4,0.6,1.8,13,3.3,2.1,2.6,3.5,7.5,5.5,x,x,x,x
35,二林,6,一氧化氮,NO,ppb,2006-08-13,x,0.1,0.5,x,x,0.3,2.5,2.7,0.7,0.4,0.3,0.1,0.3,3,0.4,0.5,0.4,0.2,0.3,0.1,x,x,x,x
35,二林,7,二氧化氮,NO2,ppb,2006-08-13,x,8.4,9.8,x,x,4.4,7,5.9,4.4,4,1.1,0.6,1.4,9.9,2.9,1.6,2.2,3.3,7.2,5.4,x,x,x,x
35,二林,10,風速,WIND_SPEED,m/sec,2006-08-13,0.5,0.5,0.6,1.3,1.1,1.5,2.2,2.5,3.4,2.8,3.2,3.4,3,2.8,2,1.9,2.1,2.3,2.1,0.8,1.1,0.7,0.5,0.7
35,二林,11,風向,WIND_DIREC,degrees,2006-08-13,218,229,142,193,175,136,143,165,225,239,235,231,289,291,308,316,35,13,53,343,51,274,200,173
35,二林,14,溫度,AMB_TEMP,℃,2006-08-13,28.8,28.7,28.4,28.2,28,27.9,28.3,29.6,30.9,31.5,32,32.6,33.1,32.6,32.6,32.7,33.1,32.2,31.3,30.4,30,29.6,29,28.8
35,二林,33,細懸浮微粒,PM2.5,μg/m3,2006-08-13,28,32,33,30,23,27,20,21,23,26,27,24,25,26,33,35,37,38,50,57,58,43,24,12
35,二林,38,相對濕度,RH,percent,2006-08-13,82,82,83,85,86,86,86,79,69,66,65,61,61,66,64,64,61,66,68,74,77,77,81,82
36,南投,1,二氧化硫,SO2,ppb,2006-08-13,1.9,1.7,1.9,3.1,3.1,2.6,2,1.5,1.3,1.3,1.4,1.2,1.3,1.2,1.4,4,6.8,7.5,5.4,4.6,3.1,2.2,2,1.9
36,南投,2,一氧化碳,CO,ppm,2006-08-13,0.43,0.38,0.25,0.23,0.27,0.28,0.26,0.23,0.21,0.15,0.16,0.19,0.15,0.17,0.17,0.26,0.41,0.48,0.63,0.64,0.67,0.71,0.62,0.5
36,南投,3,臭氧,O3,ppb,2006-08-13,4.7,4.9,7.8,13,10,13,16,21,26,35,35,39,44,48,48,48,65,63,63,56,32,16,16,15
36,南投,4,懸浮微粒,PM10,μg/m3,2006-08-13,59,53,50,51,58,49,40,35,30,24,24,33,33,25,39,44,53,65,81,98,90,98,97,77
36,南投,5,氮氧化物,NOx,ppb,2006-08-13,23,21,12,11,12,9.4,8.4,7.3,13,5.2,4.8,6.1,5.1,5.3,6.1,12,18,20,21,21,27,29,25,19
36,南投,6,一氧化氮,NO,ppb,2006-08-13,6.4,6.6,1.7,1.6,1.5,1.5,2.2,2,3.2,1.7,1.3,2.1,1.8,1.4,2.1,1.9,2.3,1.9,1.7,1.7,1.3,1.6,1.6,1.4
36,南投,7,二氧化氮,NO2,ppb,2006-08-13,16,15,11,9.6,10,7.9,6.2,5.3,9.5,3.5,3.5,4,3.3,4,4,9.8,16,18,19,20,26,27,23,18
36,南投,8,總碳氫化合物,THC,ppm,2006-08-13,1.9,2.3,1.9,1.8,1.8,1.7,1.6,1.5,1.6,1.6,1.6,1.7,1.7,1.7,x,x,x,x,x,x,x,x,x,x
36,南投,9,非甲烷碳氫化合物,NMHC,ppm,2006-08-13,0.14,0.07,0.05,0.04,0.06,0.07,0.06,0.08,0.07,0.03,0.03,0.02,0,0.01,x,x,x,x,x,x,x,x,x,x
36,南投,10,風速,WIND_SPEED,m/sec,2006-08-13,0.6,1.6,2,1.7,1.8,1.8,2,2.4,2.2,1.7,1.9,0.9,1.1,2.8,1,2.1,2,1.6,1.9,1.2,1.4,1.9,2,2
36,南投,11,風向,WIND_DIREC,degrees,2006-08-13,163,172,196,192,137,150,146,140,154,220,231,326,5.8,290,176,0,308,318,308,41,140,155,161,144
36,南投,14,溫度,AMB_TEMP,℃,2006-08-13,29,28.9,28.7,28.8,28.5,28,28,28.6,29.8,31,31.7,32.2,32.6,33.4,33.5,32.2,31.9,31.7,31.3,30.6,29.9,29.1,28.5,28.2
36,南投,21,酸雨,PH_RAIN,pH,2006-08-13,0,0,0,0,0,0,0,0,0,0,0,0,0,0,0,0,0,0,0,0,0,0,0,0
36,南投,22,導電度,RAIN_COND,μmho/cm,2006-08-13,0,0,0,0,0,0,0,0,0,0,0,0,0,0,0,0,0,0,0,0,0,0,0,0
36,南投,31,甲烷,CH4,ppm,2006-08-13,1.8,2.2,1.8,1.7,1.8,1.6,1.5,1.5,1.5,1.5,1.6,1.7,1.7,1.7,x,x,x,x,x,x,x,x,x,x
36,南投,32,降雨強度,RAIN_INT,㎜,2006-08-13,0,0,0,0,0,0,0,0,0,0,0,0,0,0,0,0,0,0,0,0,0,0,0,0
36,南投,33,細懸浮微粒,PM2.5,μg/m3,2006-08-13,32,37,31,38,32,33,33,29,17,17,14,11,12,17,13,17,20,41,42,56,63,52,61,65
36,南投,38,相對濕度,RH,percent,2006-08-13,79,80,80,77,79,80,76,66,59,59,58,56,54,54,54,62,63,63,65,67,71,77,79,80
37,斗六,1,二氧化硫,SO2,ppb,2006-08-13,3.8,3.7,4.1,4.6,5.2,4.2,4.7,3.5,2.5,2.4,2.3,2.4,2.1,2,2,2.5,5,5.5,7.7,7.9,6.8,3.4,5.3,4.8
37,斗六,2,一氧化碳,CO,ppm,2006-08-13,0.26,0.21,0.29,0.33,0.29,0.28,0.29,0.25,0.21,0.18,0.22,0.24,0.21,0.19,0.18,0.25,0.27,0.29,0.38,0.52,0.51,0.37,0.34,0.26
37,斗六,3,臭氧,O3,ppb,2006-08-13,16,16,13,14,15,17,17,22,31,33,41,42,37,33,37,42,59,64,60,38,31,22,26,31
37,斗六,4,懸浮微粒,PM10,μg/m3,2006-08-13,48,43,51,48,46,39,40,32,24,22,30,37,31,31,28,34,38,43,50,52,56,51,52,50
37,斗六,5,氮氧化物,NOx,ppb,2006-08-13,12,9.6,11,8.5,7.4,8.1,8.7,7.8,4.8,4.9,5.9,7.3,5.9,7,5.7,6.3,9.5,10,17,23,21,15,12,8.5
37,斗六,6,一氧化氮,NO,ppb,2006-08-13,2.7,2.5,3,0.8,1.1,1.5,1.9,2.6,2.2,2.1,1.8,2,2.1,2.8,2.3,1.9,1.4,1.4,1.2,1.1,1.6,2.1,1.1,1.3
37,斗六,7,二氧化氮,NO2,ppb,2006-08-13,9.1,7.1,8,7.7,6.3,6.5,6.8,5.2,2.6,2.8,4.2,5.3,3.8,4.2,3.4,4.3,8.1,8.8,15,22,19,13,11,7.3
37,斗六,10,風速,WIND_SPEED,m/sec,2006-08-13,0.7,1,1.5,1.2,0.7,0.7,0.9,0.9,1.7,1.7,1.6,1.8,2.3,2.5,2,2,1.8,1.6,0.9,0.9,1.4,1.6,1.5,1.7
37,斗六,11,風向,WIND_DIREC,degrees,2006-08-13,212,198,229,199,179,186,107,174,219,200,207,238,247,218,215,231,294,287,249,207,186,187,191,192
37,斗六,14,溫度,AMB_TEMP,℃,2006-08-13,29.5,29.2,28.9,28.7,28.5,28.6,28.9,29.7,30.5,31.6,32.4,33,33.4,33.6,33.6,33.6,32.7,32,31.7,31.8,31.4,30.4,30.1,29.7
37,斗六,33,細懸浮微粒,PM2.5,μg/m3,2006-08-13,27,26,26,31,29,42,32,33,19,21,18,21,16,12,11,16,29,33,42,38,43,37,39,34
37,斗六,38,相對濕度,RH,percent,2006-08-13,78,80,81,81,81,80,77,72,66,61,59,57,55,54,53,54,60,63,63,62,64,69,71,72
38,崙背,1,二氧化硫,SO2,ppb,2006-08-13,3.1,2.6,2.2,2.2,2.6,2.1,1.9,2.3,2.4,2.1,1.8,1.5,1.4,1.8,2.1,2.2,6.4,5.8,5.6,4.2,3.8,3.4,2.4,2
38,崙背,2,一氧化碳,CO,ppm,2006-08-13,0.15,0.14,0.09,0.1,0.08,0.1,0.19,0.22,0.12,0.11,0.09,0.07,0.07,0.1,0.11,0.11,0.19,0.16,0.19,0.28,0.28,0.28,0.24,0.24
38,崙背,3,臭氧,O3,ppb,2006-08-13,19,20,24,21,20,21,17,19,31,36,36,30,31,47,53,55,60,60,72,72,66,49,41,37
38,崙背,4,懸浮微粒,PM10,μg/m3,2006-08-13,58,59,61,60,53,36,45,41,52,36,34,31,31,31,38,44,51,54,70,82,94,96,97,95
38,崙背,5,氮氧化物,NOx,ppb,2006-08-13,8.1,6.9,4.4,3.9,4.1,5,7.2,8.6,4.7,2.9,2,1.4,0.9,1,1.3,1.7,12,4.1,4.6,6.6,6.2,6.9,6.8,6.8
38,崙背,6,一氧化氮,NO,ppb,2006-08-13,0.9,0.9,1,0.3,0.5,0.6,1.5,2.3,1.4,0.9,0.7,0.8,0.6,0.6,0.3,0.5,1.4,0.9,0.6,0.4,0.4,0.6,0.5,0.5
38,崙背,7,二氧化氮,NO2,ppb,2006-08-13,7.2,5.9,3.4,3.6,3.6,4.4,5.7,6.3,3.2,2,1.3,0.7,0.3,0.4,1,1.2,11,3.2,4.1,6.2,5.8,6.3,6.2,6.3
38,崙背,8,總碳氫化合物,THC,ppm,2006-08-13,x,x,x,x,x,x,x,x,x,x,x,x,x,x,x,x,x,x,x,x,x,x,x,x
38,崙背,9,非甲烷碳氫化合物,NMHC,ppm,2006-08-13,x,x,x,x,x,x,x,x,x,x,x,x,x,x,x,x,x,x,x,x,x,x,x,x
38,崙背,10,風速,WIND_SPEED,m/sec,2006-08-13,0.5,1.1,1.6,1.4,1.2,1.5,1.7,1.9,2.8,2.9,3.5,4.2,4.1,3.7,3.1,2.7,2.6,1.4,1.5,1.2,1,0.5,0.7,1.6
38,崙背,11,風向,WIND_DIREC,degrees,2006-08-13,178,214,207,200,153,149,148,155,202,203,220,221,218,261,248,286,315,306,294,356,331,158,187,179
38,崙背,14,溫度,AMB_TEMP,℃,2006-08-13,28,27.8,27.7,27.7,27.6,27.4,27.6,28.4,29.7,30.7,31.3,31.7,32.6,32.8,32.8,32.5,31.3,30.9,30.5,30.1,29.5,29.2,28.9,28.6
38,崙背,21,酸雨,PH_RAIN,pH,2006-08-13,0,0,0,0,0,0,0,0,0,0,0,0,0,0,0,0,0,0,0,0,0,0,0,0
38,崙背,22,導電度,RAIN_COND,μmho/cm,2006-08-13,0,0,0,0,0,0,0,0,0,0,0,0,0,0,0,0,0,0,0,0,0,0,0,0
38,崙背,31,甲烷,CH4,ppm,2006-08-13,x,x,x,x,x,x,x,x,x,x,x,x,x,x,x,x,x,x,x,x,x,x,x,x
38,崙背,32,降雨強度,RAIN_INT,㎜,2006-08-13,0,0,0,0,0,0,0,0,0,0,0,0,0,0,0,0,0,0,0,0,0,0,0,0
38,崙背,33,細懸浮微粒,PM2.5,μg/m3,2006-08-13,19,19,17,25,18,21,17,33,37,33,24,23,16,16,25,34,43,39,47,53,55,61,54,63
38,崙背,38,相對濕度,RH,percent,2006-08-13,83,84,85,86,86,86,84,81,72,67,65,62,57,58,59,59,65,65,70,73,75,77,79,81
39,新港,1,二氧化硫,SO2,ppb,2006-08-13,2,2.4,2.6,2.2,2.4,1.9,3.2,3.8,2.6,2.2,1.9,1.6,1.5,1.7,1.9,1.9,2.3,2.6,3.4,2.4,2.3,2.1,2.3,2.1
39,新港,2,一氧化碳,CO,ppm,2006-08-13,0.07,0.07,0.07,0.06,0.06,0.07,0.22,0.24,0.13,0.1,0.07,0.05,0.05,0.06,0.07,0.08,0.1,0.12,0.13,0.16,0.14,0.13,0.12,0.14
39,新港,3,臭氧,O3,ppb,2006-08-13,22,17,16,18,19,21,13,16,30,31,29,28,26,33,41,47,50,50,48,44,42,40,40,35
39,新港,4,懸浮微粒,PM10,μg/m3,2006-08-13,38,38,35,36,36,35,39,45,55,50,40,34,30,34,38,42,48,58,57,65,68,74,64,57
39,新港,5,氮氧化物,NOx,ppb,2006-08-13,4.8,6.8,7.7,5.5,5,4,12,13,5.4,4.2,3.9,2.6,1.9,2.3,2.7,2.6,2.8,3.7,4.9,6.2,4.9,4.9,4.9,5.9
39,新港,6,一氧化氮,NO,ppb,2006-08-13,1.6,1.6,1.9,1.2,1.3,1.2,3.1,4.1,2.1,1.9,2.1,1.8,1.3,1.7,1.5,1.2,1.2,1.3,1.1,1,1.1,1.3,1.3,1.6
39,新港,7,二氧化氮,NO2,ppb,2006-08-13,3.2,5.2,5.9,4.3,3.8,2.8,8.8,8.8,3.3,2.3,1.8,0.8,0.6,0.6,1.2,1.4,1.7,2.4,3.8,5.2,3.8,3.7,3.6,4.3
39,新港,10,風速,WIND_SPEED,m/sec,2006-08-13,1.3,1.3,1,0.9,1.7,1.4,1.4,1.2,1.6,2,2.7,3.5,4.2,3.6,2.8,2.5,2.2,2.8,1.3,1.5,1.1,1.4,1.5,0.7
39,新港,11,風向,WIND_DIREC,degrees,2006-08-13,210,213,205,163,189,112,114,142,150,238,227,236,222,252,251,255,275,289,251,223,249,218,199,160
39,新港,14,溫度,AMB_TEMP,℃,2006-08-13,28.6,28.3,28.3,28.4,28.6,28.4,28.4,29.1,29.7,30.5,31.3,31.9,32.8,32.9,33.1,32.8,32.3,31.7,30.6,29.6,29.3,29.1,29,28.8
39,新港,33,細懸浮微粒,PM2.5,μg/m3,2006-08-13,13,16,18,23,20,26,27,33,30,25,19,20,19,19,21,28,32,33,32,35,37,41,42,37
39,新港,38,相對濕度,RH,percent,2006-08-13,85,87,87,85,84,84,83,79,72,69,66,63,60,59,60,60,64,66,71,75,78,79,82,81
40,朴子,1,二氧化硫,SO2,ppb,2006-08-13,4.6,2.7,2.5,2.2,2.3,2.1,2.3,2.6,2.6,2.1,2.2,2.1,2.1,2.4,2.3,2.6,2.7,2.8,2.9,2.6,2.4,2.7,2.8,2.9
40,朴子,2,一氧化碳,CO,ppm,2006-08-13,0.12,0.1,0.09,0.09,0.18,0.14,0.2,0.21,0.19,0.2,0.18,0.18,0.17,0.15,0.17,0.18,0.18,0.2,0.22,0.21,0.28,0.19,0.18,0.14
40,朴子,3,臭氧,O3,ppb,2006-08-13,22,24,26,29,26,33,37,33,32,31,31,30,33,44,47,56,57,65,59,54,50,54,53,52
40,朴子,4,懸浮微粒,PM10,μg/m3,2006-08-13,42,44,52,54,49,39,39,36,41,35,38,39,48,61,59,57,41,53,56,71,71,71,67,67
40,朴子,5,氮氧化物,NOx,ppb,2006-08-13,9,6.2,5,2.6,3.7,3.5,3.8,5.8,5.4,4.3,5.2,5.6,6,4.2,4.6,4.5,4,4.3,5.6,5.1,7.9,4.6,5.3,4
40,朴子,6,一氧化氮,NO,ppb,2006-08-13,0.9,0.8,0.7,0.5,0.7,0.6,0.8,1.2,1.6,1.7,2.1,2.3,2.4,1.6,1.4,1.2,1,0.8,0.8,0.6,1,1.1,0.8,0.7
40,朴子,7,二氧化氮,NO2,ppb,2006-08-13,8.1,5.4,4.3,2,3,2.9,3,4.6,3.8,2.6,3.1,3.3,3.7,2.6,3.2,3.3,3,3.5,4.8,4.5,6.9,3.6,4.4,3.3
40,朴子,10,風速,WIND_SPEED,m/sec,2006-08-13,1.1,1.3,0.9,0.6,0.7,1.4,1.1,1.3,1.9,2.8,2.5,3.5,3.2,2.5,2,2.5,1.6,2,1.3,1.1,1.2,1.5,1.1,1.2
40,朴子,11,風向,WIND_DIREC,degrees,2006-08-13,224,238,220,187,209,236,195,160,198,233,206,237,253,256,259,278,280,293,287,263,284,228,193,151
40,朴子,14,溫度,AMB_TEMP,℃,2006-08-13,28.5,28.3,28.3,28.3,28.4,28.5,29.1,30,30.6,32.3,33,33.8,34.4,34.3,34.3,33.9,33.1,31.8,30.2,29.4,29.6,29.4,29.5,29.3
40,朴子,33,細懸浮微粒,PM2.5,μg/m3,2006-08-13,31,38,38,36,42,39,x,41,x,x,x,38,29,28,42,45,x,40,51,52,54,48,49,52
40,朴子,38,相對濕度,RH,percent,2006-08-13,89,89,89,88,88,84,80,79,76,67,65,61,58,59,59,61,65,72,78,81,81,82,82,83
41,臺西,1,二氧化硫,SO2,ppb,2006-08-13,3,2.5,2.1,1.9,2,1.9,2.1,2.3,2.1,2,1.9,2.1,2.4,2.4,2.2,2.4,2.8,15,6.5,6.6,3.8,3.5,3.3,3.5
41,臺西,2,一氧化碳,CO,ppm,2006-08-13,0.1,0.1,0.07,0.06,0.04,0.06,0.11,0.09,0.09,0.1,0.05,0.1,0.12,0.09,0.1,0.09,0.08,0.16,0.17,0.14,0.16,0.14,0.17,0.17
41,臺西,3,臭氧,O3,ppb,2006-08-13,30,30,25,20,21,25,29,33,32,29,26,40,58,56,52,54,54,39,73,82,69,59,51,49
41,臺西,4,懸浮微粒,PM10,μg/m3,2006-08-13,70,69,62,54,42,33,32,38,37,28,23,27,44,52,50,52,51,56,59,64,74,70,70,76
41,臺西,5,氮氧化物,NOx,ppb,2006-08-13,7.9,6.5,6.3,6.3,5.2,4.4,5.1,5.8,4.4,5.2,3.4,4.3,4.9,3.6,4.2,4.5,3.6,47,6.7,4.6,4.6,4.1,5.4,6.5
41,臺西,6,一氧化氮,NO,ppb,2006-08-13,0.8,0.7,0.6,0.2,0.5,0.5,1.1,1.3,1.2,2,1.4,1.4,1.2,1,1,1.1,0.8,20,0.8,0.7,0.5,0.7,0.7,0.6
41,臺西,7,二氧化氮,NO2,ppb,2006-08-13,7.1,5.8,5.7,6,4.8,3.8,4.1,4.6,3.2,3.2,2,3,3.7,2.7,3.2,3.5,2.8,27,5.9,3.9,4.2,3.4,4.7,6
41,臺西,10,風速,WIND_SPEED,m/sec,2006-08-13,1.1,1.2,1.4,1.6,1.9,2.6,1.5,2.9,2.8,3.5,4.6,5,4.5,3.4,3.5,3.5,3.1,2.5,2.4,2.5,2.6,1.4,1.6,1.9
41,臺西,11,風向,WIND_DIREC,degrees,2006-08-13,149,152,173,157,180,209,155,160,230,223,208,259,276,276,265,329,313,34,43,51,41,50,161,174
41,臺西,14,溫度,AMB_TEMP,℃,2006-08-13,28.2,28.1,27.9,27.6,27.6,27.9,28.5,29.7,30.7,31.3,31.6,32.2,31.5,31.2,31.4,31,30.3,30.4,30.3,30.1,29.6,29.3,29.3,29.1
41,臺西,33,細懸浮微粒,PM2.5,μg/m3,2006-08-13,27,17,22,18,20,21,20,20,16,8,11,10,28,18,29,25,25,35,26,32,39,31,36,47
41,臺西,38,相對濕度,RH,percent,2006-08-13,85,86,87,88,88,87,84,78,70,67,64,64,70,68,69,71,74,73,75,76,82,82,82,84
42,嘉義,1,二氧化硫,SO2,ppb,2006-08-13,3.3,3.9,3.6,3.9,4.6,3.9,5.5,3,2.1,2.1,1.8,1.7,1.7,1.4,1.6,1.7,1.9,2.3,2.6,2.6,3,2.6,2.3,2.3
42,嘉義,2,一氧化碳,CO,ppm,2006-08-13,0.32,0.32,0.28,0.27,0.27,0.24,0.28,0.19,0.09,0.09,0.12,0.09,0.07,0.07,0.08,0.09,0.12,0.15,0.2,0.18,0.2,0.25,0.29,0.26
42,嘉義,3,臭氧,O3,ppb,2006-08-13,16,16,14,15,14,13,14,23,30,31,37,31,29,30,35,34,43,50,48,50,45,38,25,23
42,嘉義,4,懸浮微粒,PM10,μg/m3,2006-08-13,41,65,75,63,58,56,62,61,45,37,22,22,26,39,42,40,33,36,38,40,50,55,60,52
42,嘉義,5,氮氧化物,NOx,ppb,2006-08-13,12,11,10,11,11,9.7,11,7.4,4.5,4.9,3.8,3.8,2.9,2.6,3,3.4,4.1,4.9,7.3,6.4,7.6,11,13,12
42,嘉義,6,一氧化氮,NO,ppb,2006-08-13,1.7,1.6,1.5,1.1,1.1,1.2,2.1,2.1,1.5,1.8,1.5,1.5,1.2,1.2,1.3,1.3,1.2,1.1,1.2,1.1,1,1.1,1.1,1
42,嘉義,7,二氧化氮,NO2,ppb,2006-08-13,11,9,8.5,9.5,9.8,8.6,8.8,5.3,3,3.1,2.4,2.4,1.7,1.4,1.7,2.2,2.9,3.8,6.1,5.3,6.6,9.8,12,11
42,嘉義,8,總碳氫化合物,THC,ppm,2006-08-13,2.6,2.5,2.4,2.3,2.3,2.2,2.1,2,x,x,x,x,x,x,x,x,x,1.9,2,1.9,2,2.1,2.3,2.3
42,嘉義,9,非甲烷碳氫化合物,NMHC,ppm,2006-08-13,0.1,0.07,0.08,0.07,0.09,0.06,0.07,0.03,x,x,x,x,x,x,x,x,x,0,0.03,0.01,0.02,0.03,0.03,0.02
42,嘉義,10,風速,WIND_SPEED,m/sec,2006-08-13,1.9,1.8,1.6,0.9,1.6,1.5,1.6,1.9,1.5,1.3,2.1,2.7,2.8,3.4,3.2,2.3,2.4,1.6,2.2,2,1.3,1.8,2,1.7
42,嘉義,11,風向,WIND_DIREC,degrees,2006-08-13,178,185,165,174,155,107,121,154,163,247,256,253,248,250,269,214,252,231,272,281,177,178,158,163
42,嘉義,14,溫度,AMB_TEMP,℃,2006-08-13,27.9,27.4,27.3,27.4,27.5,27.4,27.7,28.6,29.4,30.1,30.9,31.2,31.6,32.1,32.2,32,31.8,31.3,30.7,29.8,29.5,28.9,28.5,28.1
42,嘉義,31,甲烷,CH4,ppm,2006-08-13,2.5,2.5,2.3,2.3,2.2,2.1,2.1,1.9,x,x,x,x,x,x,x,x,x,1.9,1.9,1.9,1.9,2,2.3,2.3
42,嘉義,33,細懸浮微粒,PM2.5,μg/m3,2006-08-13,24,39,34,42,38,41,31,29,26,23,15,19,15,16,12,17,21,24,34,44,50,41,42,31
42,嘉義,38,相對濕度,RH,percent,2006-08-13,81,83,83,82,82,82,81,75,68,66,63,61,58,56,56,55,57,60,65,70,71,73,76,77
43,新營,1,二氧化硫,SO2,ppb,2006-08-13,3.4,3.4,3.8,2.9,3.1,3.3,3.2,2.9,3.4,2.7,2.5,2.3,2.2,2,2.2,2.6,2.7,2.8,3.8,3.5,3.8,4.2,4,3
43,新營,2,一氧化碳,CO,ppm,2006-08-13,0.28,0.18,0.1,0.1,0.21,0.29,0.28,0.22,0.21,0.21,0.15,0.17,0.14,0.12,0.13,0.14,0.19,0.2,0.26,0.31,0.28,0.26,0.2,0.22
43,新營,3,臭氧,O3,ppb,2006-08-13,15,20,23,27,22,14,15,22,30,30,30,31,31,31,33,34,36,40,46,48,55,55,52,43
43,新營,4,懸浮微粒,PM10,μg/m3,2006-08-13,57,51,51,44,49,56,57,59,48,52,40,42,36,39,41,38,39,42,48,54,57,67,72,67
43,新營,5,氮氧化物,NOx,ppb,2006-08-13,12,8.2,6.8,1.2,3.5,5.5,5,2.6,2.9,2.8,1.6,2.1,1.2,x,x,x,2.1,1.6,3.6,7.9,5.8,5.3,4.2,3.9
43,新營,6,一氧化氮,NO,ppb,2006-08-13,1.9,1.7,1.8,0.6,0.4,0.6,1.2,1.2,1.1,1.1,1,1,1.1,x,x,x,1.1,0.9,0.5,0.5,0.6,0.6,0.4,0.4
43,新營,7,二氧化氮,NO2,ppb,2006-08-13,10,6.5,5,0.6,3.1,4.9,3.9,1.5,1.8,1.7,0.6,1.1,0.1,x,x,x,1,0.7,3.1,7.4,5.2,4.7,3.8,3.5
43,新營,8,總碳氫化合物,THC,ppm,2006-08-13,2.8,2.5,2.1,1.9,2.5,2.8,2.5,2.2,2,1.9,1.8,1.9,1.8,1.8,1.8,1.8,1.9,1.9,1.9,2,2.1,2.1,2,2.7
43,新營,9,非甲烷碳氫化合物,NMHC,ppm,2006-08-13,0.13,0.04,0.01,0,0.09,0.1,0.07,0.05,0.05,0.08,0.04,0.07,0.04,0.03,0.07,0.05,0.07,0.06,0.09,0.1,0.05,0.05,0.04,0.02
43,新營,10,風速,WIND_SPEED,m/sec,2006-08-13,1.4,1.3,1.6,0.5,1.1,1,1.1,1.1,1,1.5,2.8,2.7,3.2,4.2,3.3,3.5,2.8,2.2,1.1,1.2,0.7,1.3,1.3,1.2
43,新營,11,風向,WIND_DIREC,degrees,2006-08-13,224,215,211,200,65,109,120,121,272,198,260,249,246,260,246,259,255,237,267,346,341,224,222,122
43,新營,14,溫度,AMB_TEMP,℃,2006-08-13,28,27.9,27.9,27.9,27.9,27.4,27.5,28.3,29.3,29.8,30.5,31.2,32.2,32.4,32.4,32.2,31.7,30.9,30.2,29.4,29,29,28.9,28.5
43,新營,21,酸雨,PH_RAIN,pH,2006-08-13,0,0,0,0,0,0,0,0,0,0,0,0,0,0,0,0,0,0,0,0,0,0,0,0
43,新營,22,導電度,RAIN_COND,μmho/cm,2006-08-13,0,0,0,0,0,0,0,0,0,0,0,0,0,0,0,0,0,0,0,0,0,0,0,0
43,新營,31,甲烷,CH4,ppm,2006-08-13,2.7,2.5,2.1,1.9,2.4,2.7,2.4,2.1,1.9,1.8,1.8,1.8,1.8,1.8,1.8,1.8,1.8,1.8,1.8,1.9,2,2.1,1.9,2.6
43,新營,32,降雨強度,RAIN_INT,㎜,2006-08-13,0,0,0,0,0,0,0,0,0,0,0,0,0,0,0,0,0,0,0,0,0,0,0,0
43,新營,33,細懸浮微粒,PM2.5,μg/m3,2006-08-13,23,21,20,21,22,27,27,29,23,26,26,20,19,17,22,22,21,26,27,31,42,44,47,39
43,新營,38,相對濕度,RH,percent,2006-08-13,84,85,84,82,83,85,84,79,73,70,67,64,59,57,57,58,59,62,67,73,76,76,78,80
44,善化,1,二氧化硫,SO2,ppb,2006-08-13,5.4,5.4,4.5,4,3.5,3.4,4.2,4.4,4,5.6,4.4,3.2,3,2.8,3.4,3.1,3.1,3.1,3.6,3.4,4,3.9,4,4.5
44,善化,2,一氧化碳,CO,ppm,2006-08-13,0.26,0.13,0.05,0.06,0.16,0.18,0.18,0.12,0.09,0.06,0.05,0.05,0.04,0.04,0.05,0.05,0.05,0.07,0.12,0.21,0.19,0.2,0.17,0.2
44,善化,3,臭氧,O3,ppb,2006-08-13,9.7,16,20,23,16,13,12,22,31,29,29,31,31,33,33,32,30,28,26,24,30,25,28,19
44,善化,4,懸浮微粒,PM10,μg/m3,2006-08-13,46,52,45,50,46,24,26,46,46,48,38,54,52,52,41,30,44,34,52,34,49,35,50,42
44,善化,5,氮氧化物,NOx,ppb,2006-08-13,16,14,12,6.6,10,11,11,8.9,6.3,6.9,6.4,5.9,5.3,5.1,6,6.3,6.5,7.7,10,16,14,17,14,18
44,善化,6,一氧化氮,NO,ppb,2006-08-13,2,2.2,2,2.5,2.6,3.1,4.3,3.8,3,3.4,3.2,3,3.3,3,3.4,4.1,3.9,4.1,3.4,3.4,3.1,2.4,2.5,3.9
44,善化,7,二氧化氮,NO2,ppb,2006-08-13,14,12,10,4.1,7.9,7.8,6.5,5.1,3.3,3.5,3.2,2.9,2,2.1,2.6,2.2,2.6,3.6,6.5,13,11,14,12,14
44,善化,10,風速,WIND_SPEED,m/sec,2006-08-13,0.5,1.6,0.5,0.5,0.5,0.8,0.6,1,0.8,1.7,2.5,3.7,3.7,4.8,4.5,4.4,3.9,4.2,2,2.2,0.5,0.5,0.5,1.8
44,善化,11,風向,WIND_DIREC,degrees,2006-08-13,217,277,357,55,75,76,98,92,312,280,277,278,276,269,284,277,280,273,263,273,277,252,249,169
44,善化,14,溫度,AMB_TEMP,℃,2006-08-13,28.2,28.3,28.4,28.1,27.9,27.6,27.8,29.2,30.1,30.5,31.6,31.8,31.9,32.3,32.3,32.1,31.6,31,30.1,29.3,29.1,28.9,29,28.4
44,善化,33,細懸浮微粒,PM2.5,μg/m3,2006-08-13,32,27,26,29,32,15,17,29,29,23,18,19,22,20,14,19,19,23,18,24,24,30,27,29
44,善化,36,二氧化碳,CO2,ppm,2006-08-13,429,399,391,398,431,452,434,398,385,378,376,376,377,377,378,379,380,382,388,397,396,402,397,426
44,善化,38,相對濕度,RH,percent,2006-08-13,88,87,86,86,87,88,88,83,77,74,70,69,69,67,66,66,66,68,71,76,79,81,82,84
45,安南,1,二氧化硫,SO2,ppb,2006-08-13,1.8,1.8,2,2.1,1.3,1.7,1.9,2.3,1.6,1.6,1.5,1.6,1.5,1.3,1.6,1.2,1.1,0.9,1.1,1.2,1.9,1.8,1.9,2.7
45,安南,2,一氧化碳,CO,ppm,2006-08-13,0.14,0.12,0.13,0.12,0.15,0.16,0.22,0.16,0.13,0.13,0.13,0.12,0.11,0.12,0.12,0.12,0.13,0.14,0.19,0.21,0.2,0.17,0.16,0.17
45,安南,3,臭氧,O3,ppb,2006-08-13,20,18,24,28,23,25,16,28,31,28,29,31,33,35,37,36,30,29,29,34,34,34,37,39
45,安南,4,懸浮微粒,PM10,μg/m3,2006-08-13,36,35,32,27,28,36,47,48,42,37,36,38,39,39,42,37,46,39,40,33,38,38,38,37
45,安南,5,氮氧化物,NOx,ppb,2006-08-13,5.1,5.4,2.3,x,5.4,x,14,6.2,x,3,3.5,3.8,2.6,2.7,x,2.5,2.9,3.4,x,x,x,x,3.7,x
45,安南,6,一氧化氮,NO,ppb,2006-08-13,1.8,1.6,1.6,x,0.4,x,2.4,0.9,x,0.4,0.7,0.7,0.8,0.7,x,0.4,0.4,0.6,x,x,x,x,0.1,x
45,安南,7,二氧化氮,NO2,ppb,2006-08-13,3.3,3.8,0.7,x,5,x,12,5.3,x,2.6,2.8,3,1.8,2.1,x,2.2,2.5,2.9,x,x,x,x,3.7,x
45,安南,10,風速,WIND_SPEED,m/sec,2006-08-13,1.8,1.4,1.2,1.3,1.3,0.7,1,1.6,1.8,2.3,2.8,2.8,3.7,3.1,3.7,3.2,3.1,2.9,1.8,2.2,1.4,1.1,1.3,0.9
45,安南,11,風向,WIND_DIREC,degrees,2006-08-13,264,290,342,30,36,48,50,328,351,276,276,281,280,274,278,265,302,270,313,301,326,308,271,210
45,安南,14,溫度,AMB_TEMP,℃,2006-08-13,28.8,28.6,28.4,28.3,28.2,28.1,28.3,29.2,29.8,30.6,31.5,31.8,31.9,32.4,32.5,32.2,31.9,31.4,30.7,30,29.5,29.4,29.3,29.4
45,安南,33,細懸浮微粒,PM2.5,μg/m3,2006-08-13,19,19,15,18,17,17,18,20,26,21,25,20,17,14,19,27,34,30,24,24,21,21,19,18
45,安南,38,相對濕度,RH,percent,2006-08-13,76,77,78,79,79,78,79,74,69,65,61,60,59,57,57,57,58,59,61,66,68,70,70,70
46,臺南,1,二氧化硫,SO2,ppb,2006-08-13,2.3,3.1,2.4,1.7,1.2,1.2,1.2,1.2,1.3,1.5,1.7,1.6,1.5,1.4,1.8,1.9,1.9,1.9,1.9,2.1,2.4,2.1,2.4,2.7
46,臺南,2,一氧化碳,CO,ppm,2006-08-13,0.12,0.12,0.13,0.1,0.09,0.12,0.17,0.15,0.15,0.17,0.14,0.12,0.12,0.1,0.14,0.14,0.19,0.25,0.32,0.34,0.31,0.32,0.35,0.26
46,臺南,3,臭氧,O3,ppb,2006-08-13,31,31,35,36,35,37,32,36,35,33,33,34,37,38,42,43,40,34,32,37,36,37,37,36
46,臺南,4,懸浮微粒,PM10,μg/m3,2006-08-13,48,41,40,36,40,37,35,33,37,34,34,34,42,40,39,39,43,45,38,44,41,43,39,43
46,臺南,5,氮氧化物,NOx,ppb,2006-08-13,x,x,x,x,x,x,x,x,x,x,x,x,x,x,x,x,x,x,x,x,x,x,x,x
46,臺南,6,一氧化氮,NO,ppb,2006-08-13,x,x,x,x,x,x,x,x,x,x,x,x,x,x,x,x,x,x,x,x,x,x,x,x
46,臺南,7,二氧化氮,NO2,ppb,2006-08-13,x,x,x,x,x,x,x,x,x,x,x,x,x,x,x,x,x,x,x,x,x,x,x,x
46,臺南,8,總碳氫化合物,THC,ppm,2006-08-13,1.8,1.8,1.8,1.8,1.8,1.9,2,1.9,1.8,1.8,1.8,1.8,1.8,1.8,1.8,1.8,1.9,1.9,2,2,2,2,2,2
46,臺南,9,非甲烷碳氫化合物,NMHC,ppm,2006-08-13,0.08,0.07,0.08,0.07,0.06,0.09,0.14,0.11,0.1,0.11,0.1,0.09,0.08,0.07,0.09,0.09,0.13,0.15,0.19,0.19,0.19,0.18,0.2,0.14
46,臺南,10,風速,WIND_SPEED,m/sec,2006-08-13,1.7,0.4,1.1,1.6,1.8,0.5,1.4,1.9,1.4,2.4,2.9,2.7,3.1,3.4,3.3,2.7,2.7,2.5,1,1.9,0.9,0.9,0.4,0.5
46,臺南,11,風向,WIND_DIREC,degrees,2006-08-13,278,287,310,335,41,39,1.5,326,294,259,271,253,253,273,260,261,256,271,288,255,279,311,260,194
46,臺南,14,溫度,AMB_TEMP,℃,2006-08-13,28.4,28.4,28.4,28.3,28.3,28.2,28.5,29.1,29.7,30.2,30.9,31.3,31.5,31.4,31.4,31.4,31.2,30.9,30.3,29.8,29.5,29.4,29.5,29.3
46,臺南,31,甲烷,CH4,ppm,2006-08-13,1.7,1.8,1.8,1.8,1.8,1.8,1.9,1.8,1.7,1.7,1.7,1.7,1.7,1.7,1.7,1.7,1.7,1.7,1.8,1.8,1.8,1.8,1.8,1.8
46,臺南,33,細懸浮微粒,PM2.5,μg/m3,2006-08-13,30,24,20,21,21,23,21,15,21,17,18,12,18,17,27,19,26,15,25,24,26,21,21,20
46,臺南,38,相對濕度,RH,percent,2006-08-13,80,79,78,78,78,78,77,73,70,67,64,63,62,61,62,61,62,62,63,67,70,71,69,70
47,美濃,1,二氧化硫,SO2,ppb,2006-08-13,2.4,3.7,4.7,5,5.9,6,4.7,3.8,2.7,2.4,2.3,2.3,2.5,2.2,2.4,2.5,2.7,2.9,2.8,2.9,3.3,3.4,2.5,2.3
47,美濃,2,一氧化碳,CO,ppm,2006-08-13,0.29,0.32,0.4,0.42,0.39,0.43,0.47,0.32,0.16,0.13,0.12,0.13,0.16,0.13,0.14,0.15,0.15,0.16,0.19,0.21,0.23,0.23,0.21,0.19
47,美濃,3,臭氧,O3,ppb,2006-08-13,15,11,11,11,14,15,11,18,25,24,27,32,41,37,37,37,38,33,26,22,17,15,11,8.9
47,美濃,4,懸浮微粒,PM10,μg/m3,2006-08-13,53,50,45,46,50,51,53,58,46,29,24,26,31,32,30,34,38,36,37,40,40,36,29,30
47,美濃,5,氮氧化物,NOx,ppb,2006-08-13,8.4,11,11,11,10,10,11,8.6,5.2,4.8,4.2,4.4,5.5,4.6,5.7,5,5.2,6.1,7.9,8.4,14,11,9.5,8.4
47,美濃,6,一氧化氮,NO,ppb,2006-08-13,0.8,0.9,1,1.6,1.4,0.9,2.6,2,1.2,1.6,1.3,1.4,1.4,1,2,1.6,1.1,1.4,1.4,1.4,8.6,1.5,1.3,1.4
47,美濃,7,二氧化氮,NO2,ppb,2006-08-13,7.6,10,9.9,9.8,8.7,9.4,8.8,6.6,4,3.2,2.9,3.1,4.1,3.6,3.7,3.4,4.1,4.7,6.5,7,5.6,9.4,8.2,7
47,美濃,10,風速,WIND_SPEED,m/sec,2006-08-13,0.9,1.5,1.1,1.2,0.9,0.8,1.1,0.6,1.6,2.2,1.6,3.2,3.5,3.3,2.5,3.2,3.3,2,1.6,1.3,0.9,1.2,0.8,1.2
47,美濃,11,風向,WIND_DIREC,degrees,2006-08-13,57,75,51,81,13,74,225,64,303,39,60,287,284,293,288,280,287,275,277,245,184,44,57,70
47,美濃,14,溫度,AMB_TEMP,℃,2006-08-13,27.8,27.6,27.1,27.3,27.7,27.6,27.5,28.8,30.8,32.1,33,33.4,33.8,33.6,34.3,34.1,33.2,32,31.1,30.4,29.8,29.6,29.2,28.6
47,美濃,33,細懸浮微粒,PM2.5,μg/m3,2006-08-13,34,31,25,27,30,32,32,26,18,15,13,17,24,22,18,18,17,21,22,17,15,17,17,13
47,美濃,38,相對濕度,RH,percent,2006-08-13,82,82,82,80,80,79,82,77,67,63,60,60,61,59,58,58,61,64,67,68,71,72,75,78
48,橋頭,1,二氧化硫,SO2,ppb,2006-08-13,3.3,2.7,3.4,2.3,2.4,2.2,2.6,2.5,2.8,3.4,4.4,3.2,1.8,1.9,3,1.9,9.4,4.4,2.7,2.2,3.3,2.4,2.6,2.1
48,橋頭,2,一氧化碳,CO,ppm,2006-08-13,0.14,0.11,0.15,0.24,0.21,0.22,0.28,0.27,0.22,0.18,0.15,0.14,0.11,0.11,0.14,0.14,0.31,0.25,0.27,0.24,0.29,0.24,0.22,0.19
48,橋頭,3,臭氧,O3,ppb,2006-08-13,20,23,20,8.5,14,10,9.5,19,27,26,24,24,26,30,35,35,33,29,26,24,21,22,22,23
48,橋頭,4,懸浮微粒,PM10,μg/m3,2006-08-13,37,33,34,38,39,41,46,44,39,35,35,31,31,32,29,29,38,42,33,32,30,29,32,34
48,橋頭,5,氮氧化物,NOx,ppb,2006-08-13,11,7.7,9.4,15,14,14,15,13,11,12,14,11,6.2,5.2,7,5.7,12,9.1,10,9.2,14,10,11,8.3
48,橋頭,6,一氧化氮,NO,ppb,2006-08-13,2.2,1.9,1.8,2,2.2,1.7,2.7,3.7,3,3.8,4.9,4.4,2.1,1.7,2,2.1,2.9,2.6,2.6,2.3,2.9,1.9,1.7,1.3
48,橋頭,7,二氧化氮,NO2,ppb,2006-08-13,8.9,5.8,7.7,13,12,13,12,9.5,7.5,7.8,8.9,6.9,4.1,3.5,5,3.6,9.1,6.5,7.5,6.9,11,8.6,9.1,7
48,橋頭,10,風速,WIND_SPEED,m/sec,2006-08-13,1.4,1.7,1.6,2.1,2,2.1,1.7,2.3,2.6,2.6,3.2,3.8,3.9,4.2,4.4,5,4,2.8,2.4,2.2,1.6,1.5,1.3,1.2
48,橋頭,11,風向,WIND_DIREC,degrees,2006-08-13,317,341,37,52,35,58,65,24,26,291,304,286,287,297,283,286,288,301,309,299,283,279,255,251
48,橋頭,14,溫度,AMB_TEMP,℃,2006-08-13,29.8,29.7,29.5,28.9,28.9,28.6,28.4,29.8,30.9,31.7,32.6,33,33.2,33.2,32.9,32.6,32.2,31.8,31.2,30.7,30.5,30.3,30,29.7
48,橋頭,21,酸雨,PH_RAIN,pH,2006-08-13,0,0,0,0,0,0,0,0,0,0,0,0,0,0,0,0,0,0,0,0,0,0,0,0
48,橋頭,22,導電度,RAIN_COND,μmho/cm,2006-08-13,0,0,0,0,0,0,0,0,0,0,0,0,0,0,0,0,0,0,0,0,0,0,0,0
48,橋頭,32,降雨強度,RAIN_INT,㎜,2006-08-13,0,0,0,0,0,0,0,0,0,0,0,0,0,0,0,0,0,0,0,0,0,0,0,0
48,橋頭,33,細懸浮微粒,PM2.5,μg/m3,2006-08-13,x,x,x,x,x,x,x,x,41,39,40,x,x,x,x,x,42,x,x,36,x,x,x,x
48,橋頭,38,相對濕度,RH,percent,2006-08-13,84,84,84,86,87,87,87,83,76,71,68,66,65,65,66,67,68,69,71,72,73,74,75,77
49,仁武,1,二氧化硫,SO2,ppb,2006-08-13,3.7,7.1,11,16,29,40,42,27,19,18,6,2.6,1.4,1.7,1.6,1.3,1.2,1.2,1.7,2.4,2.2,2.2,2.1,2.2
49,仁武,2,一氧化碳,CO,ppm,2006-08-13,0.31,0.33,0.18,0.24,0.25,0.29,0.3,0.32,0.34,0.39,0.25,0.2,0.17,0.15,0.1,0.09,0.11,0.16,0.3,0.36,0.32,0.29,0.28,0.26
49,仁武,3,臭氧,O3,ppb,2006-08-13,12,9.9,12,7.4,3.8,6.2,5.3,8.7,13,22,22,25,25,29,31,29,27,24,13,7.5,11,17,18,18
49,仁武,4,懸浮微粒,PM10,μg/m3,2006-08-13,38,35,33,38,38,42,47,50,51,47,43,33,25,23,29,34,41,31,37,33,40,33,24,24
49,仁武,5,氮氧化物,NOx,ppb,2006-08-13,12,31,8.7,29,37,45,55,66,44,22,9,x,x,x,x,x,x,4.1,27,37,21,9.8,10,10
49,仁武,6,一氧化氮,NO,ppb,2006-08-13,1.8,17,1.5,14,18,27,35,47,28,10,5.5,x,x,x,x,x,x,3.4,13,20,9,3.2,3.3,2.7
49,仁武,7,二氧化氮,NO2,ppb,2006-08-13,10,15,7.3,15,19,18,20,19,16,11,3.4,x,x,x,x,x,x,0.7,14,17,12,6.7,6.7,7.6
49,仁武,8,總碳氫化合物,THC,ppm,2006-08-13,1.8,1.9,2,2.5,2.8,3,2.7,2.2,2,2,1.8,1.8,1.8,1.7,1.7,1.8,1.8,1.8,1.8,1.8,1.8,1.8,1.8,1.8
49,仁武,9,非甲烷碳氫化合物,NMHC,ppm,2006-08-13,0.07,0.12,0.21,0.61,0.95,1.07,0.85,0.37,0.19,0.21,0.06,0.04,0.03,0.02,0.02,0.03,0.03,0.04,0.06,0.06,0.05,0.05,0.05,0.05
49,仁武,10,風速,WIND_SPEED,m/sec,2006-08-13,1.5,1.3,2.2,2.6,2.9,3.1,3.4,3.3,2.6,2.2,2.8,3.2,3.2,3.6,3.6,3.3,3.2,2.8,2.2,2.2,1.5,1.4,1.4,1.5
49,仁武,11,風向,WIND_DIREC,degrees,2006-08-13,287,301,321,321,310,288,343,308,299,291,277,272,269,269,269,277,272,277,286,286,277,262,258,250
49,仁武,14,溫度,AMB_TEMP,℃,2006-08-13,30,29.9,29.8,29.5,29.5,29.2,29.3,29.9,30.8,31.7,31.8,32.5,33,32.8,32.6,32.4,32,31.6,31.1,30.8,30.6,30.5,30.5,30.3
49,仁武,31,甲烷,CH4,ppm,2006-08-13,1.8,1.8,1.8,1.9,1.9,1.9,1.8,1.8,1.8,1.8,1.7,1.7,1.7,1.7,1.7,1.7,1.7,1.7,1.7,1.7,1.7,1.7,1.7,1.8
49,仁武,33,細懸浮微粒,PM2.5,μg/m3,2006-08-13,26,27,21,26,25,32,36,32,34,29,27,24,22,25,28,26,23,19,21,24,18,23,18,23
49,仁武,38,相對濕度,RH,percent,2006-08-13,76,78,78,79,79,80,79,76,72,68,67,64,62,62,63,64,65,66,67,67,68,68,67,67
50,鳳山,1,二氧化硫,SO2,ppb,2006-08-13,8.9,7.4,3.3,2.5,2.1,2,2.1,3,8.7,12,7.1,6.3,2.9,2.9,2.6,2.5,2.4,2.5,2.9,3.9,3.9,3.6,3.4,3.2
50,鳳山,2,一氧化碳,CO,ppm,2006-08-13,0.53,0.52,0.41,0.32,0.29,0.31,0.36,0.41,0.42,0.47,0.46,0.43,0.4,0.39,0.37,0.48,0.49,0.57,0.64,0.6,0.62,0.64,0.53,0.43
50,鳳山,3,臭氧,O3,ppb,2006-08-13,10,8.8,14,18,19,35,30,x,23,31,31,31,31,38,41,35,33,39,x,x,18,17,22,22
50,鳳山,4,懸浮微粒,PM10,μg/m3,2006-08-13,31,50,53,58,48,62,62,69,49,52,68,57,68,33,48,32,50,51,70,59,64,46,55,47
50,鳳山,5,氮氧化物,NOx,ppb,2006-08-13,33,29,21,10,10,9.4,10,11,18,26,18,17,9.7,9.5,8.4,11,11,12,14,18,18,20,15,14
50,鳳山,6,一氧化氮,NO,ppb,2006-08-13,8.4,6,3,2.3,2.2,2.4,2.9,3.7,5.5,7.1,6.1,6.6,4.4,4,3.6,4,4.1,3.7,3.8,5.3,4.5,5.1,3,3
50,鳳山,7,二氧化氮,NO2,ppb,2006-08-13,24,23,18,8.1,8.2,7.1,7.4,7.2,12,18,12,10,5.3,5.5,4.8,7.3,7.2,8.4,10,13,14,15,12,11
50,鳳山,10,風速,WIND_SPEED,m/sec,2006-08-13,1.3,1,1.3,1.6,1.9,1.3,1.5,1.8,1.5,2.6,2.5,2.6,2.9,2.9,2.9,2.3,2.2,2.6,2.6,1.8,1.7,0.9,0.7,1
50,鳳山,11,風向,WIND_DIREC,degrees,2006-08-13,55,41,36,51,74,51,58,38,44,309,291,292,304,272,249,295,291,301,309,299,306,289,35,234
50,鳳山,14,溫度,AMB_TEMP,℃,2006-08-13,29.8,29.4,29.3,29,28.8,28.6,28.7,29.7,31,32,32.6,33.8,34,34,33.5,33,32.3,31.6,31,30.8,30.7,30.7,30.6,30.5
50,鳳山,21,酸雨,PH_RAIN,pH,2006-08-13,0,0,0,0,0,0,0,0,0,0,0,0,0,0,0,0,0,0,0,0,0,0,0,0
50,鳳山,22,導電度,RAIN_COND,μmho/cm,2006-08-13,0,0,0,0,0,0,0,0,0,0,0,0,0,0,0,0,0,0,0,0,0,0,0,0
50,鳳山,32,降雨強度,RAIN_INT,㎜,2006-08-13,0,0,0,0,0,0,0,0,0,0,0,0,0,0,0,0,0,0,0,0,0,0,0,0
50,鳳山,33,細懸浮微粒,PM2.5,μg/m3,2006-08-13,16,21,21,25,21,22,15,17,20,25,32,21,20,16,22,20,27,31,30,24,19,21,19,24
50,鳳山,38,相對濕度,RH,percent,2006-08-13,80,82,83,84,85,85,84,81,75,71,68,62,60,63,64,65,67,69,71,71,72,71,70,69
51,大寮,1,二氧化硫,SO2,ppb,2006-08-13,1.1,1.6,1.3,1.3,0.9,16,20,24,7.2,4,3.5,4.8,1.9,0.4,0.3,0.3,0.4,0.4,1.9,1.8,1.9,2,3.6,1.7
51,大寮,2,一氧化碳,CO,ppm,2006-08-13,0.36,0.48,0.39,0.38,0.53,0.47,0.57,0.58,0.45,0.27,0.27,0.22,0.18,0.16,0.15,0.15,0.15,0.22,0.3,0.31,0.42,0.37,0.34,0.61
51,大寮,3,臭氧,O3,ppb,2006-08-13,13,13,17,15,x,14,13,18,27,33,40,49,43,41,39,37,46,29,30,25,16,16,16,11
51,大寮,4,懸浮微粒,PM10,μg/m3,2006-08-13,52,59,62,60,53,56,57,56,50,39,38,44,41,34,40,44,40,33,35,39,41,40,40,48
51,大寮,5,氮氧化物,NOx,ppb,2006-08-13,13,24,18,16,24,34,30,26,17,7.4,6.3,9.2,4.8,2.7,5.9,7.7,8.1,8.7,8.2,8.9,20,15,14,23
51,大寮,6,一氧化氮,NO,ppb,2006-08-13,1.4,5.7,1.8,3.4,11,21,18,13,7.1,2.7,2.1,2,1.5,1.4,1.8,2.3,2.5,2.3,1.7,1.6,2.2,2.3,1.7,7.5
51,大寮,7,二氧化氮,NO2,ppb,2006-08-13,11,18,16,13,13,13,12,13,10,4.6,4.2,7.2,3.3,1.4,4.2,5.5,5.6,6.4,6.4,7.3,18,13,12,15
51,大寮,10,風速,WIND_SPEED,m/sec,2006-08-13,0.5,3.3,2.6,3.2,3.3,3.1,3.2,2.8,2.6,1.1,2.9,2,2.9,2.8,2.1,2,1.7,1.8,1.7,0.5,0.4,0.4,0.4,0.4
51,大寮,11,風向,WIND_DIREC,degrees,2006-08-13,46,39,39,37,44,39,40,41,45,5,315,254,300,305,273,260,251,307,316,311,281,158,255,204
51,大寮,14,溫度,AMB_TEMP,℃,2006-08-13,28.3,28.2,27.8,27.8,27.5,27.4,27.5,28.6,30.2,31.6,32.3,32.4,33.3,33.7,32.7,32.3,32.2,31.7,30.6,30.1,29.8,29.6,29.6,28.8
51,大寮,33,細懸浮微粒,PM2.5,μg/m3,2006-08-13,29,33,36,38,36,31,32,33,25,19,23,28,24,19,18,21,22,16,12,14,14,15,25,32
51,大寮,38,相對濕度,RH,percent,2006-08-13,84,84,84,84,85,85,84,82,76,69,64,65,60,59,64,65,65,65,69,71,72,73,73,77
52,林園,1,二氧化硫,SO2,ppb,2006-08-13,2.1,6.7,2.7,5.4,3.1,8.3,7.6,10,5.4,6.1,2.2,3.8,2.7,2.8,3,4.1,4.7,2.5,2.9,4.3,16,8.1,3.9,4.4
52,林園,2,一氧化碳,CO,ppm,2006-08-13,0.18,0.41,0.71,0.56,0.53,0.43,0.51,0.48,0.29,0.21,0.11,0.1,0.09,0.1,0.11,0.17,0.17,0.14,0.18,0.19,0.25,0.27,0.34,0.31
52,林園,3,臭氧,O3,ppb,2006-08-13,24,16,9.7,17,18,15,17,20,26,33,31,31,31,34,35,36,35,34,31,27,17,19,19,16
52,林園,4,懸浮微粒,PM10,μg/m3,2006-08-13,38,47,61,65,76,68,65,59,58,59,54,48,42,43,41,44,43,43,37,40,41,54,59,59
52,林園,5,氮氧化物,NOx,ppb,2006-08-13,10,21,24,17,13,17,14,14,11,14,6.7,8.1,6.6,6.3,7.1,8.6,9.3,6.4,7.5,11,22,17,16,17
52,林園,6,一氧化氮,NO,ppb,2006-08-13,2.7,4.4,3.4,3.8,3.2,4,4.2,5.4,4.6,5.7,4,3.9,4.1,3.9,3.9,3.9,4.2,3.5,3.6,3.9,4,4,3.5,3.5
52,林園,7,二氧化氮,NO2,ppb,2006-08-13,7.7,16,21,13,10,13,9.8,8.5,6.4,8,2.7,4.1,2.5,2.4,3.2,4.7,5.1,2.9,3.9,7,18,13,12,14
52,林園,8,總碳氫化合物,THC,ppm,2006-08-13,2.4,2.9,3.3,2.6,2.7,2.4,2.4,2.4,2.2,2,2,1.9,1.9,1.9,1.9,2,2,1.9,1.9,2,2.1,2.1,2.2,2.3
52,林園,9,非甲烷碳氫化合物,NMHC,ppm,2006-08-13,0.14,0.32,0.36,0.22,0.24,0.24,0.32,0.39,0.21,0.14,0.12,0.13,0.1,0.1,0.1,0.13,0.14,0.13,0.13,0.15,0.22,0.2,0.2,0.21
52,林園,10,風速,WIND_SPEED,m/sec,2006-08-13,1.9,3.9,3.1,5.7,5.2,5.3,5.2,4.5,4,2.1,4.3,4.2,5.8,5.7,4,4.1,4.2,4.5,3.5,3.3,0.8,1.7,0.6,1.3
52,林園,11,風向,WIND_DIREC,degrees,2006-08-13,56,37,37,25,30,42,62,43,48,274,265,275,275,281,278,270,274,275,281,281,277,80,246,147
52,林園,14,溫度,AMB_TEMP,℃,2006-08-13,28.9,28.5,27.9,27.9,27.7,27.5,27.5,28.3,29.7,31.4,30.6,30.7,31.1,30.7,30.4,30.5,30.9,30.4,29.9,29.8,29.8,29.9,29.7,29.6
52,林園,31,甲烷,CH4,ppm,2006-08-13,2.2,2.6,2.9,2.4,2.5,2.2,2.1,2.1,2,1.9,1.8,1.8,1.8,1.8,1.8,1.8,1.8,1.8,1.8,1.8,1.8,1.9,2,2.1
52,林園,33,細懸浮微粒,PM2.5,μg/m3,2006-08-13,33,x,56,67,34,33,32,33,26,22,20,16,12,10,17,20,24,18,17,13,22,20,23,18
52,林園,38,相對濕度,RH,percent,2006-08-13,78,80,83,81,82,82,80,76,72,67,70,70,69,69,70,70,68,69,70,71,69,69,70,70
53,楠梓,1,二氧化硫,SO2,ppb,2006-08-13,4.4,3.8,4.3,4.5,3.2,3.3,4.2,2.9,3,3.2,3.9,4.4,2,2.1,2.4,2.1,2.3,2.6,3.3,4.8,4.2,2.6,2.6,3.2
53,楠梓,2,一氧化碳,CO,ppm,2006-08-13,0.41,0.36,0.37,0.34,0.31,0.32,0.37,0.35,0.27,0.29,0.26,0.22,0.18,0.19,0.19,0.2,0.23,0.23,0.26,0.33,0.31,0.29,0.27,0.24
53,楠梓,3,臭氧,O3,ppb,2006-08-13,9.6,11,10,13,15,15,15,19,27,31,26,26,27,31,36,36,34,31,28,22,22,24,26,27
53,楠梓,4,懸浮微粒,PM10,μg/m3,2006-08-13,44,49,43,44,35,47,48,53,45,48,48,51,45,43,40,44,45,44,43,43,42,36,29,30
53,楠梓,5,氮氧化物,NOx,ppb,2006-08-13,22,15,15,11,8.7,8.7,9.5,9.8,6,7.8,9.5,9.7,x,x,x,x,3.7,4,4.5,8.7,7.6,6,5.7,5.2
53,楠梓,6,一氧化氮,NO,ppb,2006-08-13,6.1,3.6,3.8,2.9,3.1,3.3,3.9,5.4,3.7,4.1,4.5,6.1,x,x,x,x,3,2.9,2.8,2.9,3,3.1,2.7,3
53,楠梓,7,二氧化氮,NO2,ppb,2006-08-13,16,12,11,7.6,5.5,5.3,5.6,4.4,2.3,3.8,4.9,3.7,x,x,x,x,0.7,1.1,1.7,5.8,4.6,3,2.9,2.2
53,楠梓,8,總碳氫化合物,THC,ppm,2006-08-13,1.9,1.8,1.9,1.9,1.8,1.9,1.8,1.8,1.7,1.7,1.7,1.7,1.7,1.7,1.7,1.6,1.7,1.7,1.7,1.9,1.7,1.6,1.7,1.6
53,楠梓,9,非甲烷碳氫化合物,NMHC,ppm,2006-08-13,0.09,0.04,0.07,0.06,0.03,0.04,0.05,0.04,0.01,0.08,0.12,0.08,0.07,0.1,0.1,0.05,0.11,0.11,0.11,0.24,0.03,0.01,x,x
53,楠梓,10,風速,WIND_SPEED,m/sec,2006-08-13,1.6,0.9,1.5,2.2,1.8,2.1,2,1.5,2.8,2.2,2.8,3.4,3.2,3.6,3.8,2.9,3.2,3.3,2.4,1.8,1.4,1.2,1.3,1.3
53,楠梓,11,風向,WIND_DIREC,degrees,2006-08-13,19,51,49,51,53,50,47,347,341,311,274,281,281,280,288,265,301,284,273,271,269,270,269,271
53,楠梓,14,溫度,AMB_TEMP,℃,2006-08-13,29.1,28.9,28.5,28.3,28.1,27.8,27.8,28.8,30.3,31,31.4,32.3,32.4,32.3,32,31.8,31.4,31.1,30.5,30.1,29.7,29.6,29.5,29.4
53,楠梓,31,甲烷,CH4,ppm,2006-08-13,1.8,1.8,1.8,1.8,1.8,1.8,1.8,1.7,1.7,1.7,1.6,1.6,1.6,1.6,1.6,1.6,1.6,1.6,1.6,1.7,1.7,1.6,1.7,1.7
53,楠梓,33,細懸浮微粒,PM2.5,μg/m3,2006-08-13,25,20,28,23,27,28,30,33,32,24,17,23,21,22,12,24,22,24,18,15,19,20,20,16
53,楠梓,38,相對濕度,RH,percent,2006-08-13,76,78,79,80,80,80,80,79,73,67,65,61,59,60,61,62,63,64,65,66,69,69,68,68
54,左營,1,二氧化硫,SO2,ppb,2006-08-13,3,3.1,2.9,3,4,3.5,3.2,3.5,3.7,3.5,3,2.8,2.6,2.9,2.6,2.7,2.8,2.8,3,3.4,3.5,4.2,4.2,3.8
54,左營,2,一氧化碳,CO,ppm,2006-08-13,0.17,0.11,0.1,0.16,0.18,0.24,0.29,0.31,0.24,0.23,0.17,0.18,0.16,0.16,0.16,0.19,0.2,0.22,0.29,0.3,0.32,0.37,0.38,0.22
54,左營,3,臭氧,O3,ppb,2006-08-13,24,22,23,22,15,44,19,23,27,26,30,31,31,36,36,34,31,30,25,23,22,19,20,21
54,左營,4,懸浮微粒,PM10,μg/m3,2006-08-13,26,22,32,35,34,29,31,37,37,37,35,39,32,33,33,35,44,44,45,36,37,33,30,25
54,左營,5,氮氧化物,NOx,ppb,2006-08-13,8,8.9,5.4,8.3,11,9.3,8.7,9.9,8,7.6,5.2,4.4,3.9,4,3.1,4,4,4.5,6.9,8.4,9.5,12,11,8.2
54,左營,6,一氧化氮,NO,ppb,2006-08-13,1.7,1.8,1.7,1.1,1.7,0.6,1.4,2.5,2.3,2.6,2.5,2.2,2,2,1.7,2,1.7,1.5,1.6,1.3,2.1,1.8,1.5,1.3
54,左營,7,二氧化氮,NO2,ppb,2006-08-13,6.3,7.1,3.6,7.2,9.2,8.7,7.3,7.5,5.6,5,2.7,2.2,1.9,2,1.4,2,2.3,3,5.3,7.1,7.5,10,10,6.9
54,左營,10,風速,WIND_SPEED,m/sec,2006-08-13,1.5,2.1,2.4,3.5,4.3,3.3,4.1,2.7,2.4,2.9,3,3,2.7,3.7,3.7,2.6,3,2,1.8,1.9,1.5,0.8,1,1
54,左營,11,風向,WIND_DIREC,degrees,2006-08-13,310,321,325,41,32,47,29,33,307,305,294,292,287,302,301,292,298,301,301,308,306,288,301,260
54,左營,14,溫度,AMB_TEMP,℃,2006-08-13,27.7,27.7,27.5,27.5,27.2,26.9,27,28,28.9,29.2,29.7,30.1,30.3,30.2,30,29.9,29.8,29.2,29,28.7,28.5,28.4,28.3,28.1
54,左營,33,細懸浮微粒,PM2.5,μg/m3,2006-08-13,23,19,20,21,27,23,18,16,26,23,25,19,22,26,23,26,22,20,17,15,23,26,22,20
54,左營,38,相對濕度,RH,percent,2006-08-13,80,82,83,83,84,84,84,82,77,74,72,71,70,70,70,70,70,71,72,72,73,72,72,73
56,前金,1,二氧化硫,SO2,ppb,2006-08-13,4.3,4.8,4.9,4.3,5,5.3,5,4.6,4.5,3.6,3.1,3.1,3.3,4,3.5,3.4,3.3,3.6,4.3,3.9,3.5,3.3,3.9,3.7
56,前金,2,一氧化碳,CO,ppm,2006-08-13,0.2,0.17,0.14,0.13,0.21,0.25,0.32,0.35,0.26,0.19,0.14,0.13,0.14,0.15,0.18,0.18,0.19,0.23,0.26,0.24,0.23,0.27,0.24,0.22
56,前金,3,臭氧,O3,ppb,2006-08-13,25,25,25,28,22,23,24,28,32,31,30,32,35,41,43,42,40,38,32,29,29,28,28,29
56,前金,4,懸浮微粒,PM10,μg/m3,2006-08-13,29,23,27,28,36,36,41,36,44,37,30,30,24,29,25,36,37,34,36,35,33,27,27,26
56,前金,5,氮氧化物,NOx,ppb,2006-08-13,11,11,13,11,15,16,16,17,14,12,9.4,8.2,8.7,12,9.3,8.9,9.2,9.5,11,12,10,11,11,12
56,前金,6,一氧化氮,NO,ppb,2006-08-13,3.6,3.9,4.3,5.1,4.8,4.8,6.1,7.2,6.9,6.9,6.2,5.8,6.3,7.1,5.5,5.9,5.7,5.5,5,5.3,4.5,4.7,5,4.6
56,前金,7,二氧化氮,NO2,ppb,2006-08-13,7.2,6.9,8.5,5.4,9.9,11,9.9,9.4,7.1,4.6,3.2,2.4,2.4,4.9,3.8,3.1,3.4,4.1,6.2,6.4,5.6,6.8,6.5,7
56,前金,10,風速,WIND_SPEED,m/sec,2006-08-13,1.7,1.2,2.4,2.3,2.3,2.3,2.1,2.8,2.6,2.8,3.2,3.2,3.5,3.8,2.5,2.7,2.4,3.1,1.4,1.6,1.6,1.1,1.3,1.3
56,前金,11,風向,WIND_DIREC,degrees,2006-08-13,319,326,332,45,45,27,36,337,328,322,313,305,317,312,295,295,316,311,300,309,315,313,303,262
56,前金,14,溫度,AMB_TEMP,℃,2006-08-13,30.3,30.1,30.2,30.1,29.9,29.7,29.8,30.8,31.7,32.3,32.7,32.9,32.9,32.6,32.5,32.5,32.4,31.9,31.2,30.9,30.8,30.8,30.7,30.5
56,前金,33,細懸浮微粒,PM2.5,μg/m3,2006-08-13,21,16,16,14,21,26,22,23,16,25,15,13,10,10,20,16,25,22,19,19,23,22,23,15
56,前金,38,相對濕度,RH,percent,2006-08-13,74,76,76,76,77,77,76,72,67,64,62,60,62,64,64,63,63,65,66,67,67,66,66,66
57,前鎮,1,二氧化硫,SO2,ppb,2006-08-13,12,8.3,8.1,7.2,11,17,27,16,5.4,4.8,4.7,4.7,3.9,4.3,4.1,4,4,4.3,4.5,3.9,4,3.9,4.5,4.8
57,前鎮,2,一氧化碳,CO,ppm,2006-08-13,0.16,0.27,0.22,0.19,0.23,0.29,0.36,0.37,0.37,0.29,0.21,0.16,0.14,0.14,0.17,0.21,0.19,0.25,0.3,0.27,0.3,0.3,0.24,0.21
57,前鎮,3,臭氧,O3,ppb,2006-08-13,14,15,16,18,17,13,10,17,24,29,24,24,25,33,36,37,35,33,28,25,23,22,24,26
57,前鎮,4,懸浮微粒,PM10,μg/m3,2006-08-13,30,32,29,30,39,45,50,49,50,53,53,48,45,42,37,41,48,47,44,39,40,38,33,31
57,前鎮,5,氮氧化物,NOx,ppb,2006-08-13,12,10,9.2,6.6,13,21,28,19,12,8.7,12,9.4,x,x,3.8,3.7,x,4.7,7.6,6.5,8.3,8.2,5.9,4.6
57,前鎮,6,一氧化氮,NO,ppb,2006-08-13,4,3.9,3.8,3.1,3.2,4.2,11,8.5,5.8,4.7,7.6,6.7,x,x,3.4,3.5,x,3.5,3.6,2.8,3.2,3.3,3.1,2.8
57,前鎮,7,二氧化氮,NO2,ppb,2006-08-13,8.4,6.1,5.4,3.4,9.3,17,17,10,6.6,4,4.3,2.6,x,x,0.5,0.2,x,1.2,4.1,3.8,5.1,4.9,2.8,1.8
57,前鎮,10,風速,WIND_SPEED,m/sec,2006-08-13,1.1,1.6,1.3,2,2.9,2,2.5,1.6,2.1,2.8,3.8,3.9,3.9,3.6,3.5,3.1,2.6,2.6,2.2,1.6,1.4,1.6,1.7,1.2
57,前鎮,11,風向,WIND_DIREC,degrees,2006-08-13,305,289,319,310,55,49,37,294,302,290,280,274,283,283,284,281,293,280,291,304,303,301,299,283
57,前鎮,14,溫度,AMB_TEMP,℃,2006-08-13,29.3,29.3,29.1,29.1,29,28.9,28.8,29.5,30.4,31.1,31.7,31.9,32.2,32,32,31.5,31.3,30.9,30.5,30.1,30,30.1,29.9,29.8
57,前鎮,33,細懸浮微粒,PM2.5,μg/m3,2006-08-13,21,21,24,22,22,28,32,29,24,26,21,15,18,24,31,29,21,22,22,20,22,18,19,21
57,前鎮,38,相對濕度,RH,percent,2006-08-13,74,74,76,76,76,75,75,73,69,66,64,62,62,64,64,65,64,65,67,67,67,66,66,65
58,小港,21,酸雨,PH_RAIN,pH,2006-08-13,0,0,0,0,0,0,0,0,0,0,0,0,0,0,0,0,0,0,0,0,0,0,0,0
58,小港,22,導電度,RAIN_COND,μmho/cm,2006-08-13,0,0,0,0,0,0,0,0,0,0,0,0,0,0,0,0,0,0,0,0,0,0,0,0
58,小港,32,降雨強度,RAIN_INT,㎜,2006-08-13,0,0,0,0,0,0,0,0,0,0,0,0,0,0,0,0,0,0,0,0,0,0,0,0
59,屏東,1,二氧化硫,SO2,ppb,2006-08-13,4.6,4.4,4.5,4.2,4.4,4.5,4.6,4.7,3.8,2.4,1.8,1.6,1.8,2.2,2.8,4.2,5.4,2.9,2.2,2.5,3.3,4.6,3.7,8.4
59,屏東,2,一氧化碳,CO,ppm,2006-08-13,0.7,0.43,0.35,0.32,0.3,0.31,0.31,0.3,0.24,0.17,0.16,0.19,0.18,0.12,0.13,0.15,0.21,0.23,0.27,0.3,0.24,0.29,0.23,0.24
59,屏東,3,臭氧,O3,ppb,2006-08-13,8.8,18,16,17,16,14,14,19,27,29,33,41,37,34,34,38,37,33,26,23,20,16,20,16
59,屏東,4,懸浮微粒,PM10,μg/m3,2006-08-13,63,71,68,69,62,61,56,56,51,49,39,40,39,42,36,34,43,41,44,36,41,41,40,41
59,屏東,5,氮氧化物,NOx,ppb,2006-08-13,21,11,9.6,x,8.3,9.4,8.2,8.6,7.3,5.1,3.6,5.2,7,4.3,4,4.9,7.1,6.5,7.5,9.6,8.7,13,8.3,10
59,屏東,6,一氧化氮,NO,ppb,2006-08-13,2.8,1.8,1.6,x,0.4,0.7,1,1.9,1.6,1.1,0.6,0.8,1.4,1.3,1.2,1.2,1.4,1.2,0.7,0.9,0.7,1.2,0.8,0.7
59,屏東,7,二氧化氮,NO2,ppb,2006-08-13,18,9.6,8,x,7.9,8.7,7.2,6.7,5.7,4,3,4.4,5.6,3,2.8,3.6,5.7,5.4,6.8,8.6,8,11,7.6,9.3
59,屏東,8,總碳氫化合物,THC,ppm,2006-08-13,2.5,2.5,2.3,2.2,2.1,2.2,2.1,2.1,1.9,1.8,1.8,1.8,1.8,1.8,1.8,1.8,1.9,1.9,1.9,1.9,1.8,1.9,1.8,1.9
59,屏東,9,非甲烷碳氫化合物,NMHC,ppm,2006-08-13,0.38,0.15,0.14,0.11,0.1,0.1,0.12,0.12,0.1,0.06,0.05,0.07,0.06,0.04,0.05,0.09,0.13,0.11,0.12,0.13,0.1,0.12,0.1,0.16
59,屏東,10,風速,WIND_SPEED,m/sec,2006-08-13,1.5,1.7,1.7,2,2,1.6,1.8,2.3,2.2,2.4,2.6,2.9,3.5,3.8,4.4,3.6,3.7,3.1,2.1,1.9,0.8,1,0.7,0.7
59,屏東,11,風向,WIND_DIREC,degrees,2006-08-13,303,40,341,0.2,39,359,346,27,0.9,11,307,299,303,291,286,265,277,297,289,278,311,289,307,294
59,屏東,14,溫度,AMB_TEMP,℃,2006-08-13,28.5,27.9,27.7,27.3,27.1,26.9,27.2,28.1,29.9,31.3,32.3,32.7,33.5,33.7,33.5,32.8,32.2,31.6,30.9,30.4,30.1,30,30,29.8
59,屏東,31,甲烷,CH4,ppm,2006-08-13,2.1,2.4,2.2,2.1,2,2.1,1.9,2,1.8,1.8,1.8,1.8,1.7,1.7,1.7,1.7,1.7,1.7,1.7,1.7,1.7,1.7,1.7,1.8
59,屏東,33,細懸浮微粒,PM2.5,μg/m3,2006-08-13,35,38,40,33,37,34,42,31,33,27,27,22,23,24,21,15,18,19,21,24,23,32,21,22
59,屏東,38,相對濕度,RH,percent,2006-08-13,85,85,86,86,85,85,81,76,73,71,67,67,63,62,63,65,67,69,71,73,73,73,72,72
60,潮州,1,二氧化硫,SO2,ppb,2006-08-13,2.1,2.2,2.7,2.7,3.3,4.1,4.4,4.2,3.4,2.2,1.9,3.3,8.9,10,5.9,14,19,2.8,3.1,3,3.4,4.5,4.1,2.8
60,潮州,2,一氧化碳,CO,ppm,2006-08-13,0.3,0.3,0.27,0.3,0.31,0.35,0.42,0.32,0.22,0.16,0.16,0.19,0.26,0.3,0.19,0.34,0.63,0.27,0.33,0.35,0.32,0.36,0.32,0.26
60,潮州,3,臭氧,O3,ppb,2006-08-13,18,19,20,18,20,17,14,20,29,32,37,45,51,35,26,25,22,36,29,20,16,10,9,6.9
60,潮州,4,懸浮微粒,PM10,μg/m3,2006-08-13,53,51,54,54,59,57,58,57,58,49,44,37,45,51,50,46,47,52,54,48,41,46,44,47
60,潮州,5,氮氧化物,NOx,ppb,2006-08-13,10,10,9.8,8.9,7.9,9.7,13,10,7.5,6.8,6.2,7,13,14,9.9,22,30,11,16,17,17,21,18,14
60,潮州,6,一氧化氮,NO,ppb,2006-08-13,2.6,2.5,2.4,0.9,1,1.2,2.3,2.8,2.2,2.4,2.2,1.7,2.2,2.4,2.1,3.9,6.9,1.9,2,2.4,2.6,2.6,2.8,2.1
60,潮州,7,二氧化氮,NO2,ppb,2006-08-13,7.9,7.9,7.4,8,6.9,8.6,10,7.4,5.3,4.3,4,5.3,11,11,7.9,18,23,9.6,14,15,14,18,15,12
60,潮州,10,風速,WIND_SPEED,m/sec,2006-08-13,1.1,1.3,0.8,1.8,1.5,0.7,1.2,1.6,2.3,2.4,1.9,1.3,2.1,2.6,2.3,1.7,2.2,2.1,1,0.9,0.7,1,0.4,0.4
60,潮州,11,風向,WIND_DIREC,degrees,2006-08-13,19,48,61,38,31,20,336,43,14,343,325,263,278,191,234,238,294,300,313,354,325,77,24,119
60,潮州,14,溫度,AMB_TEMP,℃,2006-08-13,27.4,27.1,26.9,26.6,26.6,26.6,27.1,28.7,30.4,31.9,33.1,33.9,33.5,32,30.3,30.5,31.8,32.1,31.2,30.2,29.8,29.1,28.6,27.7
60,潮州,33,細懸浮微粒,PM2.5,μg/m3,2006-08-13,35,30,29,29,34,33,36,39,35,26,19,19,23,30,29,26,22,25,27,23,25,26,29,24
60,潮州,38,相對濕度,RH,percent,2006-08-13,86,86,86,86,85,84,83,75,68,65,62,58,62,66,75,77,72,66,68,73,76,77,81,83
61,恆春,1,二氧化硫,SO2,ppb,2006-08-13,1.9,1.8,1.8,1.7,1.3,1.2,1.2,1.2,1.2,1.3,1.2,1.4,1.5,1.3,1.2,1.3,1.2,1.2,1.3,1.2,1.2,1.4,1.3,1.3
61,恆春,2,一氧化碳,CO,ppm,2006-08-13,0.05,0.05,0.05,0.05,0.05,0.05,0.05,0.05,0.05,0.05,0.06,0.05,0.05,0.05,0.05,0.05,0.05,0.05,0.05,0.05,0.05,0.06,0.06,0.06
61,恆春,3,臭氧,O3,ppb,2006-08-13,11,11,11,10,10,11,9.3,9.6,12,14,15,17,19,17,16,17,17,17,19,17,18,18,16,15
61,恆春,4,懸浮微粒,PM10,μg/m3,2006-08-13,26,24,19,20,20,18,16,20,19,19,19,22,24,21,16,14,13,16,20,18,20,24,24,18
61,恆春,5,氮氧化物,NOx,ppb,2006-08-13,2,2.2,2.2,2,1.8,1.9,2.1,2,1.2,1.5,1.8,1.6,1.8,1.9,x,1.3,1.7,1.7,2,2,1.4,2.1,1.6,1.9
61,恆春,6,一氧化氮,NO,ppb,2006-08-13,0,0.5,0.8,0.5,0.7,0.8,1.1,0.6,0.4,0.3,0.7,0.5,0.4,0.8,x,0.6,0.5,0.6,0.6,0.5,0.1,0.5,0.3,0.7
61,恆春,7,二氧化氮,NO2,ppb,2006-08-13,2,1.7,1.4,1.5,1.1,1.1,1.1,1.4,0.8,1.2,1.1,1.1,1.4,1.1,x,0.8,1.2,1,1.4,1.5,1.3,1.6,1.3,1.3
61,恆春,10,風速,WIND_SPEED,m/sec,2006-08-13,4.2,5.7,3.9,3.3,4.6,4.3,3.8,5.1,5.5,6.1,4.7,4.7,5.5,4.3,4.7,5,4.4,2.8,3.1,2.2,2.9,4,4.6,3.5
61,恆春,11,風向,WIND_DIREC,degrees,2006-08-13,47,39,43,44,39,37,8.6,29,25,39,52,79,49,55,72,55,64,31,24,22,25,35,40,51
61,恆春,14,溫度,AMB_TEMP,℃,2006-08-13,27.9,27.9,27.8,27.6,27.5,27.3,27.4,28.5,29.5,29.8,30.3,30.6,30.7,30.6,30.3,30.1,29.6,28.6,27.5,27,26.9,27,26.7,26.8
61,恆春,21,酸雨,PH_RAIN,pH,2006-08-13,0,0,0,0,0,0,0,0,0,0,0,0,0,0,0,0,0,0,0,0,0,0,0,0
61,恆春,22,導電度,RAIN_COND,μmho/cm,2006-08-13,0,0,0,0,0,0,0,0,0,0,0,0,0,0,0,0,0,0,0,0,0,0,0,0
61,恆春,32,降雨強度,RAIN_INT,㎜,2006-08-13,0,0,0,0,0,0,0,0,0,0,0,0,0,0,0,0,0,0,0,0,0,0,0,0
61,恆春,33,細懸浮微粒,PM2.5,μg/m3,2006-08-13,9,10,9,9,17,11,11,12,10,8,7,6,8,11,9,9,9,7,8,7,8,11,8,7
61,恆春,36,二氧化碳,CO2,ppm,2006-08-13,383,383,383,384,386,384,386,382,376,375,375,371,372,371,373,373,374,378,387,391,390,389,390,387
61,恆春,38,相對濕度,RH,percent,2006-08-13,83,83,83,84,85,86,86,82,76,75,74,75,75,75,75,75,77,80,84,86,85,83,83,81
62,臺東,1,二氧化硫,SO2,ppb,2006-08-13,2,2,2,2.1,x,2.2,2.3,2.3,2.4,2.2,2.3,2.3,2.4,2.3,2.4,2.5,2.5,2.5,2.5,2.5,2.5,2.4,2.3,2.3
62,臺東,2,一氧化碳,CO,ppm,2006-08-13,0.06,0.06,0.07,0.06,0.06,0.09,0.11,0.12,0.15,0.15,0.16,0.13,0.13,0.09,0.08,0.1,0.17,0.2,0.25,0.27,0.25,0.19,0.15,0.09
62,臺東,3,臭氧,O3,ppb,2006-08-13,8.8,7.4,8.3,9.2,9.6,11,11,13,14,18,19,20,21,23,23,22,21,19,18,18,16,18,21,22
62,臺東,4,懸浮微粒,PM10,μg/m3,2006-08-13,16,17,21,2,6,8,10,17,23,22,25,9,22,5,8,12,10,19,25,23,20,27,19,9
62,臺東,5,氮氧化物,NOx,ppb,2006-08-13,9.9,6.1,5.8,x,5.3,5.6,7.1,7,25,6.7,6.1,5.7,5.8,4.4,5,4.7,7.1,7.8,10,12,11,9.2,8.6,7.1
62,臺東,6,一氧化氮,NO,ppb,2006-08-13,7.3,4,3.7,x,4.3,3.7,5.2,5.3,19,4.7,4.2,4.2,3.9,3.1,3.6,3,4.3,4.7,5.7,6.1,6.4,5.1,4.5,4.5
62,臺東,7,二氧化氮,NO2,ppb,2006-08-13,2.7,2.1,2.1,x,1,1.8,2,1.7,5.5,2,1.9,1.4,1.9,1.3,1.4,1.8,2.8,3.2,4.5,5.5,4.4,4.1,4.1,2.5
62,臺東,8,總碳氫化合物,THC,ppm,2006-08-13,1.8,1.9,1.9,1.9,1.9,1.9,1.9,1.9,1.9,1.8,1.8,1.8,1.8,1.7,1.7,1.7,1.8,1.8,1.8,1.8,1.8,1.8,1.8,1.8
62,臺東,9,非甲烷碳氫化合物,NMHC,ppm,2006-08-13,0.05,0.02,0.01,0.02,0.02,0.03,0.03,0.04,0.05,0.05,0.05,0.04,0.04,0.02,0.02,0.02,0.05,0.09,0.11,0.11,0.09,0.06,0.03,0.01
62,臺東,10,風速,WIND_SPEED,m/sec,2006-08-13,1.3,1.4,1,0.9,1.2,1.3,2.4,1.9,1.4,2.7,2.5,3.1,3.1,3.2,2.9,3.2,2.5,2.4,2.3,1.9,1.4,1.4,1.6,1.1
62,臺東,11,風向,WIND_DIREC,degrees,2006-08-13,306,312,316,317,312,316,287,306,358,92,71,78,86,80,75,77,77,83,70,83,43,3,40,341
62,臺東,14,溫度,AMB_TEMP,℃,2006-08-13,28.8,28.4,28.2,28.1,27.9,27.6,27.8,28.8,30.5,31,31.1,31.2,31.2,31.3,31,30.5,30.4,29.9,29.7,29.6,29.6,29.4,29,28.9
62,臺東,21,酸雨,PH_RAIN,pH,2006-08-13,0,0,0,0,0,0,0,0,0,0,0,0,0,0,0,0,0,0,0,0,0,0,0,0
62,臺東,22,導電度,RAIN_COND,μmho/cm,2006-08-13,0,0,0,0,0,0,0,0,0,0,0,0,0,0,0,0,0,0,0,0,0,0,0,0
62,臺東,31,甲烷,CH4,ppm,2006-08-13,1.8,1.9,1.9,1.9,1.9,1.9,1.9,1.8,1.8,1.7,1.7,1.7,1.7,1.7,1.7,1.7,1.7,1.7,1.7,1.7,1.7,1.7,1.8,1.8
62,臺東,32,降雨強度,RAIN_INT,㎜,2006-08-13,0,0,0,0,0,0,0,0,0,0,0,0,0,0,0,0,0,0,0,0,0,0,0,0
62,臺東,33,細懸浮微粒,PM2.5,μg/m3,2006-08-13,5,4,7,7,3,2,4,7,9,7,4,3,5,6,5,2,7,9,4,4,4,6,7,5
62,臺東,38,相對濕度,RH,percent,2006-08-13,80,82,82,81,81,82,80,70,67,70,74,73,72,72,72,74,74,74,75,76,75,77,78,77
63,花蓮,1,二氧化硫,SO2,ppb,2006-08-13,1.4,1.1,1.2,1.2,0.9,1.2,1.2,1.5,1.7,2.4,1.6,1.5,1.1,0.9,1.2,1.5,1.9,1.6,1,1.6,3.3,2.3,2.4,3
63,花蓮,2,一氧化碳,CO,ppm,2006-08-13,0.31,0.2,0.18,0.15,0.15,0.22,0.23,0.18,0.19,0.24,0.22,0.18,0.13,0.12,0.17,0.23,0.3,0.37,0.43,0.53,0.57,0.55,0.55,0.38
63,花蓮,3,臭氧,O3,ppb,2006-08-13,2.3,2.3,2.5,3.9,4.2,4.2,6.1,12,12,8.1,12,19,20,16,15,15,15,13,9.1,6.3,2.4,3.6,3.6,2.9
63,花蓮,4,懸浮微粒,PM10,μg/m3,2006-08-13,26,24,22,22,23,21,23,23,17,18,22,21,18,14,17,21,25,24,17,16,20,24,25,22
63,花蓮,5,氮氧化物,NOx,ppb,2006-08-13,10,6.1,5.1,4.4,4.6,8.5,7.8,7.6,12,28,11,6,4.2,3.5,6,12,14,13,13,19,27,21,18,16
63,花蓮,6,一氧化氮,NO,ppb,2006-08-13,3.3,2.1,1.5,0.3,0.2,1.9,2.2,1.8,4,16,5,2.1,1.1,1,1.8,4.2,5,4.1,4.6,6.7,11,8.8,6.9,4.8
63,花蓮,7,二氧化氮,NO2,ppb,2006-08-13,7.1,3.9,3.6,4,4.4,6.6,5.5,5.8,7.7,12,6.1,3.9,3.1,2.5,4.2,7.9,9.4,8.8,8,12,16,12,11,12
63,花蓮,8,總碳氫化合物,THC,ppm,2006-08-13,1.8,1.7,1.8,1.8,1.8,1.9,1.9,1.7,1.7,1.8,1.7,1.7,1.7,1.7,1.7,1.7,1.8,1.8,1.9,1.9,1.9,1.9,1.9,1.9
63,花蓮,9,非甲烷碳氫化合物,NMHC,ppm,2006-08-13,0.13,0.05,0.09,0.07,0.08,0.14,0.13,0.06,0.06,0.09,0.08,0.04,0.02,0.02,0.05,0.07,0.11,0.14,0.18,0.22,0.22,0.22,0.24,0.16
63,花蓮,10,風速,WIND_SPEED,m/sec,2006-08-13,0.4,0.5,0.4,0.4,1.4,0.4,0.4,2.1,2.3,2.6,3.8,3.8,3.7,4,3.6,2.2,2.4,2.4,2.6,2.1,1.3,0.4,0.4,1.5
63,花蓮,11,風向,WIND_DIREC,degrees,2006-08-13,291,236,259,243,236,298,220,224,130,65,116,113,124,118,101,47,48,47,38,317,31,279,291,231
63,花蓮,14,溫度,AMB_TEMP,℃,2006-08-13,28.6,27.6,27.4,27,26.7,26.7,26.2,27.8,29.5,30.5,30.8,31,31,31,31,31.1,30.8,30.2,29.8,29.6,29.4,28.8,28.4,27.9
63,花蓮,21,酸雨,PH_RAIN,pH,2006-08-13,0,0,0,0,0,0,0,0,0,0,0,0,0,0,0,0,0,0,0,0,0,0,0,0
63,花蓮,22,導電度,RAIN_COND,μmho/cm,2006-08-13,0,0,0,0,0,0,0,0,0,0,0,0,0,0,0,0,0,0,0,0,0,0,0,0
63,花蓮,31,甲烷,CH4,ppm,2006-08-13,1.7,1.7,1.7,1.7,1.7,1.8,1.7,1.7,1.7,1.7,1.7,1.6,1.6,1.6,1.7,1.7,1.7,1.7,1.7,1.7,1.7,1.7,1.7,1.7
63,花蓮,32,降雨強度,RAIN_INT,㎜,2006-08-13,0,0,0,0,0,0,0,0,0,0,0,0,0,0,0,0,0,0,0,0,0,0,0,0
63,花蓮,33,細懸浮微粒,PM2.5,μg/m3,2006-08-13,11,7,8,9,12,11,14,11,9,15,17,16,13,10,6,11,15,12,15,17,14,14,15,15
63,花蓮,38,相對濕度,RH,percent,2006-08-13,73,75,73,71,69,68,66,56,58,63,67,66,67,66,65,64,65,66,66,68,68,66,65,68
64,陽明,1,二氧化硫,SO2,ppb,2006-08-13,1,1.1,1,1.1,1.1,1.1,1.2,1.5,3.7,4.3,3.5,5.3,6.2,9.5,13,11,10,6.8,23,9,3.9,3.8,2.4,1.6
64,陽明,2,一氧化碳,CO,ppm,2006-08-13,0.06,0.07,0.07,0.06,0.06,0.06,0.07,0.07,0.07,0.08,0.09,0.09,0.09,0.09,0.09,0.1,0.09,0.09,0.12,0.09,0.07,0.07,0.06,0.07
64,陽明,3,臭氧,O3,ppb,2006-08-13,14,15,16,16,15,x,16,17,19,22,28,29,29,28,26,26,25,23,12,16,22,22,22,22
64,陽明,4,懸浮微粒,PM10,μg/m3,2006-08-13,8,8,8,9,10,7,11,8,13,17,23,19,17,13,13,14,11,10,9,7,10,9,4,5
64,陽明,5,氮氧化物,NOx,ppb,2006-08-13,2.5,2.5,2.5,1.7,1.5,1.5,1.6,1.7,1.9,1.9,2.7,2.8,3.2,5.1,6.6,7.8,8.1,4.8,11,9.8,3.3,2.3,2.1,1.7
64,陽明,6,一氧化氮,NO,ppb,2006-08-13,1.3,1.3,1.3,0.8,0.6,0.7,0.6,0.6,0.7,0.5,0.7,0.7,0.4,0.7,1.1,1.2,1.3,1.2,2.1,1.7,0.5,0.3,0.7,0.7
64,陽明,7,二氧化氮,NO2,ppb,2006-08-13,1.2,1.1,1.2,1,0.9,0.8,1,1.1,1.2,1.4,2,2.2,2.8,4.4,5.5,6.6,6.7,3.6,8.7,8.1,2.8,2,1.4,1
64,陽明,10,風速,WIND_SPEED,m/sec,2006-08-13,7.4,7.1,5.7,4.2,3.4,2,1.8,3.4,3,2.4,1.8,3,3.1,3.5,5,3.1,2.6,2.4,1.7,3.6,5.3,5,3.3,4.7
64,陽明,11,風向,WIND_DIREC,degrees,2006-08-13,180,190,180,200,180,180,170,180,140,150,170,170,160,170,150,120,120,100,120,140,180,180,140,170
64,陽明,14,溫度,AMB_TEMP,℃,2006-08-13,21.1,21,20.9,21.1,21,20.9,22.6,26,27.1,28,27.8,28.4,28.4,27.7,27.1,25.8,24.3,22.4,21.8,21.4,21.4,21.4,21.6,21.2
64,陽明,21,酸雨,PH_RAIN,pH,2006-08-13,0,0,0,0,0,0,0,0,0,0,0,0,0,0,0,0,0,0,0,0,0,0,0,0
64,陽明,22,導電度,RAIN_COND,μmho/cm,2006-08-13,0,0,0,0,0,0,0,0,0,0,0,0,0,0,0,0,0,0,0,0,0,0,0,0
64,陽明,32,降雨強度,RAIN_INT,㎜,2006-08-13,0,0,0,0,0,0,0,0,0,0,0,0,0,0,0,0,0,0,0,0,0,0,0,0
64,陽明,33,細懸浮微粒,PM2.5,μg/m3,2006-08-13,5,4,4,4,5,4,5,4,7,9,13,11,9,8,6,6,6,5,5,4,6,5,3,3
64,陽明,36,二氧化碳,CO2,ppm,2006-08-13,388,388,388,388,388,388,386,383,383,381,379,379,381,384,387,388,388,388,397,390,387,387,387,390
64,陽明,38,相對濕度,RH,percent,2006-08-13,87,87,87,86,88,87,87,82,79,78,83,80,79,78,79,79,80,80,82,79,81,82,79,57
65,宜蘭,1,二氧化硫,SO2,ppb,2006-08-13,2.7,2,1.8,1.7,2,2,2.2,2.7,2.4,2.6,2.3,1.9,1.8,1.6,1.6,1.7,1.6,1.6,1.7,1.7,1.6,2.2,1.9,1.7
65,宜蘭,2,一氧化碳,CO,ppm,2006-08-13,0.29,0.27,0.24,0.22,0.2,0.24,0.29,0.33,0.27,0.16,0.16,0.12,0.11,0.09,0.09,0.1,0.13,0.14,0.19,0.24,0.28,0.46,0.28,0.21
65,宜蘭,3,臭氧,O3,ppb,2006-08-13,4.7,4.3,4.7,4.2,4.1,5.2,6.4,8.4,12,13,20,23,23,25,25,23,22,19,15,12,9.2,5.6,7.4,8.9
65,宜蘭,4,懸浮微粒,PM10,μg/m3,2006-08-13,25,27,26,23,21,22,26,26,29,28,23,20,16,14,15,15,17,20,21,24,24,26,24,14
65,宜蘭,5,氮氧化物,NOx,ppb,2006-08-13,18,16,15,14,12,11,11,15,17,12,9,5.1,4.2,3.6,3.2,5.1,5.2,8.8,11,11,11,20,12,9.5
65,宜蘭,6,一氧化氮,NO,ppb,2006-08-13,8,7.4,7.1,6.5,5.2,5.2,7,9.6,10,7.7,4.7,2.8,2.5,1.9,1.8,2.6,2.4,3.6,3.4,3.4,4.2,8.7,4,2.8
65,宜蘭,7,二氧化氮,NO2,ppb,2006-08-13,10,8.6,7.7,7.2,6.8,6,4.4,4.9,6.8,4.4,4.3,2.3,1.7,1.7,1.4,2.5,2.8,5.2,7.7,8,6.4,12,8.1,6.6
65,宜蘭,10,風速,WIND_SPEED,m/sec,2006-08-13,1.2,0.6,1.1,1.2,1.4,1.4,1.2,1,2.1,2.2,3.1,2.6,3.6,2.5,2.5,3.3,2.1,1.7,1.5,1.8,2,0.8,1.8,1.6
65,宜蘭,11,風向,WIND_DIREC,degrees,2006-08-13,49,181,137,287,259,244,238,159,133,112,110,98,113,87,109,113,106,92,99,302,308,309,307,304
65,宜蘭,14,溫度,AMB_TEMP,℃,2006-08-13,27.9,27.6,27.2,26.9,26.6,26.3,26.6,27.8,29.6,30.4,30.9,31,31.2,31.1,31.2,31.2,30.7,29.9,29.2,28.5,27.6,27.6,27.1,26.6
65,宜蘭,33,細懸浮微粒,PM2.5,μg/m3,2006-08-13,1,2,7,7,6,7,10,12,9,11,10,9,10,9,8,11,10,5,7,10,8,8,9,6
65,宜蘭,36,二氧化碳,CO2,ppm,2006-08-13,405,409,420,432,421,424,424,418,405,398,391,386,385,386,386,385,384,385,388,396,406,412,407,410
65,宜蘭,38,相對濕度,RH,percent,2006-08-13,81,83,85,85,84,82,80,76,70,66,68,67,65,65,63,61,64,67,69,71,74,74,73,74
66,冬山,1,二氧化硫,SO2,ppb,2006-08-13,2.2,2.2,2.2,2.7,1.8,1.6,1.7,1.9,1.9,3.8,2.3,3.4,2.3,1.9,1.5,1.3,2.1,3,3.7,4.8,2,2.2,1.8,2.2
66,冬山,2,一氧化碳,CO,ppm,2006-08-13,0.27,0.36,0.96,0.75,0.24,0.23,0.3,0.26,0.21,0.24,0.12,0.14,0.07,0.08,0.06,0.05,0.07,0.13,0.78,1.57,0.34,0.6,0.48,0.9
66,冬山,3,臭氧,O3,ppb,2006-08-13,4.2,3.8,3.6,3.6,3.6,5,5.6,8.2,13,13,20,23,21,24,25,24,22,18,13,4.2,4.6,4.4,5.9,4.4
66,冬山,4,懸浮微粒,PM10,μg/m3,2006-08-13,26,25,23,23,27,27,27,27,23,25,35,35,28,28,32,21,13,19,22,31,37,30,25,24
66,冬山,5,氮氧化物,NOx,ppb,2006-08-13,13,11,9,14,11,9.6,14,15,13,19,10,11,4.4,3.2,2.2,2.6,4.4,6.4,14,34,23,24,16,18
66,冬山,6,一氧化氮,NO,ppb,2006-08-13,6.3,5.1,3.4,6.4,5.3,4.4,9.5,9.9,7.9,12,5.9,5.9,2.4,1.9,1.5,1.8,2.6,2.8,4.8,21,12,12,6.4,7.7
66,冬山,7,二氧化氮,NO2,ppb,2006-08-13,6.5,6.4,5.6,7.2,6,5.2,4.8,4.8,5.6,7.1,4.4,5.1,2,1.3,0.7,0.8,1.8,3.6,9.2,13,11,12,9.7,11
66,冬山,8,總碳氫化合物,THC,ppm,2006-08-13,2,2.1,2,2.1,2.1,2.1,2.1,2,1.9,1.9,1.9,1.9,1.9,1.9,1.9,1.9,1.9,2,2,2,2,2.1,2,2.2
66,冬山,9,非甲烷碳氫化合物,NMHC,ppm,2006-08-13,0.13,0.09,0.06,0.09,0.08,0.09,0.12,0.07,0.05,0.05,0.02,0.06,0.02,0.03,0.01,0.01,0.03,0.06,0.07,0.13,0.1,0.13,0.13,0.12
66,冬山,10,風速,WIND_SPEED,m/sec,2006-08-13,0.7,1,0.8,0.9,1,1.1,1,1.2,1.1,3.2,4.9,5.2,4.3,3.7,3.3,3.5,2.3,2.5,1.9,1.5,1.3,1.2,0.7,1.2
66,冬山,11,風向,WIND_DIREC,degrees,2006-08-13,260,284,216,260,12,353,6.6,279,89,71,71,78,82,78,68,66,89,71,81,229,232,216,162,265
66,冬山,14,溫度,AMB_TEMP,℃,2006-08-13,27.5,27.2,27.1,27.2,26.8,26.4,26.7,28.4,30.2,31.2,31.2,31.4,31.8,31.9,31.8,31.6,31.1,30.4,29.6,29.3,28.1,28,27.3,27
66,冬山,21,酸雨,PH_RAIN,pH,2006-08-13,0,0,0,0,0,0,0,0,0,0,0,0,0,0,0,0,0,0,0,0,0,0,0,0
66,冬山,22,導電度,RAIN_COND,μmho/cm,2006-08-13,0,0,0,0,0,0,0,0,0,0,0,0,0,0,0,0,0,0,0,0,0,0,0,0
66,冬山,31,甲烷,CH4,ppm,2006-08-13,1.9,2,1.9,2,2,2,2,1.9,1.9,1.9,1.9,1.9,1.9,1.9,1.9,1.9,1.9,1.9,1.9,1.9,1.9,2,1.9,2
66,冬山,32,降雨強度,RAIN_INT,㎜,2006-08-13,0,0,0,0,0,0,0,0,0,0,0,0,0,0,0,0,0,0,0,0,0,0,0,0
66,冬山,33,細懸浮微粒,PM2.5,μg/m3,2006-08-13,9,9,9,9,8,13,15,10,11,11,7,7,0,0,4,5,5,10,10,5,5,6,6,3
66,冬山,38,相對濕度,RH,percent,2006-08-13,80,82,83,83,84,84,83,75,65,66,69,68,63,63,63,62,63,64,67,67,70,71,72,75
67,三重,1,二氧化硫,SO2,ppb,2006-08-13,1.9,1.5,1.3,1.3,1.5,1.8,2.2,1.9,2.1,2.4,2.8,3.6,3.2,3.7,3.4,3.2,5.1,7.7,5.8,4,3.1,2.4,2.7,1.9
67,三重,2,一氧化碳,CO,ppm,2006-08-13,0.98,0.6,0.49,0.58,0.62,0.73,1.1,1.04,0.91,0.97,1.23,1.19,1.3,1.33,1.32,1.15,1.25,1.64,1.74,1.49,1.43,1.22,1.36,0.86
67,三重,3,臭氧,O3,ppb,2006-08-13,7.6,8.2,8.5,7.9,7.5,8.4,8.4,10,12,15,16,17,16,13,13,14,13,11,8.6,8.2,8.5,8.8,8.3,9.6
67,三重,4,懸浮微粒,PM10,μg/m3,2006-08-13,28,27,25,22,30,31,31,29,34,34,41,41,44,35,35,39,42,47,45,41,32,32,31,32
67,三重,5,氮氧化物,NOx,ppb,2006-08-13,50,34,x,32,28,50,60,44,49,64,86,84,94,117,103,95,101,103,99,73,70,54,58,38
67,三重,6,一氧化氮,NO,ppb,2006-08-13,40,26,x,22,19,38,48,33,37,45,62,59,71,92,80,73,78,78,75,55,52,38,42,24
67,三重,7,二氧化氮,NO2,ppb,2006-08-13,9.2,7.8,x,9.2,8.4,11,12,10,12,19,24,25,24,25,23,22,23,25,23,18,18,16,16,14
67,三重,8,總碳氫化合物,THC,ppm,2006-08-13,2.5,2.3,2.3,2.2,2.3,2.5,2.5,2.4,2.4,2.2,2.3,2.3,2.4,2.3,2.4,2.3,2.3,2.5,2.6,2.7,2.6,2.4,2.4,2.3
67,三重,9,非甲烷碳氫化合物,NMHC,ppm,2006-08-13,0.61,0.45,0.48,0.35,0.36,0.46,0.51,0.59,0.58,0.46,0.45,0.49,0.61,0.51,0.68,0.52,0.45,0.62,0.74,0.66,0.51,0.49,0.49,0.44
67,三重,14,溫度,AMB_TEMP,℃,2006-08-13,29.9,29.6,29.2,29.1,28.8,28.9,29.8,32.3,33.8,34.8,36,36.1,36.7,37.6,37.7,37.5,36.3,33.7,31.7,30.7,30.3,29.9,29.7,29.3
67,三重,31,甲烷,CH4,ppm,2006-08-13,1.9,1.9,1.8,1.9,1.9,2.1,1.9,1.9,1.8,1.8,1.8,1.8,1.8,1.8,1.8,1.8,1.8,1.8,1.9,2,2.1,1.9,1.9,1.8
67,三重,33,細懸浮微粒,PM2.5,μg/m3,2006-08-13,9,2,5,12,9,8,7,8,16,12,20,14,19,21,26,25,15,11,14,24,22,18,10,10
68,中壢,1,二氧化硫,SO2,ppb,2006-08-13,5.2,5.5,8.2,5.2,9,6.9,5.8,11,14,12,5.7,9.9,6,4.5,4.8,3,3.3,4.5,5.1,5.7,5.8,6.5,4.2,5
68,中壢,2,一氧化碳,CO,ppm,2006-08-13,0.8,0.84,0.73,0.79,0.86,0.9,1.46,1.92,1.24,0.77,0.56,0.58,0.42,0.51,0.73,0.49,0.61,0.85,0.9,0.93,0.81,1.06,0.99,0.79
68,中壢,3,臭氧,O3,ppb,2006-08-13,4.7,11,4.6,4.7,6.1,6.4,5.5,4.7,6.4,20,30,52,42,34,29,25,22,16,9.6,5.7,5.1,4.4,4.4,3.1
68,中壢,4,懸浮微粒,PM10,μg/m3,2006-08-13,34,48,54,34,43,40,35,58,64,57,55,61,48,40,44,38,37,32,43,46,41,39,36,33
68,中壢,5,氮氧化物,NOx,ppb,2006-08-13,39,34,36,36,38,45,65,73,59,46,33,25,18,24,41,32,39,44,45,44,41,47,42,39
68,中壢,6,一氧化氮,NO,ppb,2006-08-13,21,10,19,21,23,29,45,49,34,16,9.4,4.9,5.2,8.7,17,12,15,19,21,20,19,24,22,19
68,中壢,7,二氧化氮,NO2,ppb,2006-08-13,17,23,17,16,15,16,20,23,25,30,23,21,13,16,23,20,24,25,24,23,22,22,20,20
68,中壢,8,總碳氫化合物,THC,ppm,2006-08-13,x,2.5,2.4,2.5,2.6,2.6,2.8,3,2.7,2.5,2.3,2.3,2.2,2.3,2.3,2.2,2.3,2.4,2.4,2.4,2.3,2.5,2.4,2.4
68,中壢,9,非甲烷碳氫化合物,NMHC,ppm,2006-08-13,x,0.42,0.37,0.42,0.58,0.64,0.81,1,0.67,0.51,0.39,0.42,0.4,0.47,0.53,0.48,0.56,0.64,0.65,0.61,0.55,0.64,0.59,0.47
68,中壢,10,風速,WIND_SPEED,m/sec,2006-08-13,1.2,0.8,0.8,1.5,1.2,1.4,0.9,0.9,1.2,1.4,1.9,2.3,2.9,1.8,1.1,1.9,1.5,1.5,1.5,1.1,1,0.9,0.9,0.8
68,中壢,11,風向,WIND_DIREC,degrees,2006-08-13,179,169,158,183,187,169,181,173,205,349,2.6,11,8.5,7.2,304,317,283,106,9.2,105,329,215,247,268
68,中壢,14,溫度,AMB_TEMP,℃,2006-08-13,28.6,28,27.9,27.6,27.3,27.4,27.4,28.2,28.9,30.6,32.3,32.4,32.7,33.4,34.4,35,34.4,33.1,31.6,30.3,29.5,29,28.5,28
68,中壢,31,甲烷,CH4,ppm,2006-08-13,x,2.1,2.1,2.1,2,2,2,2,2,1.9,1.9,1.9,1.8,1.8,1.8,1.8,1.8,1.8,1.8,1.8,1.8,1.8,1.9,1.9
68,中壢,33,細懸浮微粒,PM2.5,μg/m3,2006-08-13,15,33,26,13,21,27,23,17,23,30,29,30,28,20,22,16,12,12,19,22,14,13,18,21
68,中壢,38,相對濕度,RH,percent,2006-08-13,67,73,69,71,66,62,62,65,65,63,53,59,56,54,49,42,42,46,51,55,58,60,62,64
69,竹山,1,二氧化硫,SO2,ppb,2006-08-13,4.1,3.6,3.8,4.7,4,3.5,2.6,2.5,2,1.7,1.8,2,2.1,2,1.8,1.7,1.8,6.6,8.6,5.9,4.1,4.2,2.5,2
69,竹山,2,一氧化碳,CO,ppm,2006-08-13,0.19,0.2,0.26,0.27,0.24,0.22,0.29,0.3,0.21,0.13,0.13,0.13,0.14,0.15,0.12,0.12,0.16,0.24,0.3,0.26,0.28,0.29,0.25,0.2
69,竹山,3,臭氧,O3,ppb,2006-08-13,13,8.7,15,19,19,19,16,17,26,33,37,43,50,45,40,39,40,70,63,52,36,39,28,23
69,竹山,4,懸浮微粒,PM10,μg/m3,2006-08-13,46,47,49,51,49,37,39,48,40,27,25,26,35,33,30,27,29,56,69,61,57,65,53,49
69,竹山,5,氮氧化物,NOx,ppb,2006-08-13,9.2,10,8.9,6.7,6.2,5.8,8.5,9.6,5,1.2,0.9,1.4,1.8,2.6,1.7,1.6,2.5,6.7,11,10,11,9.2,8.4,7.8
69,竹山,6,一氧化氮,NO,ppb,2006-08-13,0.9,1,0.9,0.7,0.7,0.7,1.5,3.4,2,1.1,0.8,0.8,0.8,1,1.1,1.1,0.8,0.9,0.8,0.7,0.6,0.6,0.6,0.6
69,竹山,7,二氧化氮,NO2,ppb,2006-08-13,8.3,9.2,8,6.1,5.5,5,7,6.2,3,0.1,0.1,0.6,1,1.6,0.6,0.5,1.7,5.8,11,9.4,10,8.6,7.8,7.2
69,竹山,10,風速,WIND_SPEED,m/sec,2006-08-13,0.6,0.7,1,0.6,0.7,0.8,0.6,0.7,1.1,1.3,1.6,1,1.5,1.4,2.8,2.2,1.7,0.5,0.6,0.9,0.8,0.6,1.5,0.5
69,竹山,11,風向,WIND_DIREC,degrees,2006-08-13,218,255,231,224,186,154,277,263,266,354,238,194,208,286,222,232,248,53,311,226,162,152,216,218
69,竹山,14,溫度,AMB_TEMP,℃,2006-08-13,28.1,27.8,27.7,27.7,27.7,27.7,27.7,27.9,29,30.3,30.7,31.6,31.8,32.1,32.7,32.5,32,30.6,30.2,29.7,29.2,29,28.2,27.9
69,竹山,33,細懸浮微粒,PM2.5,μg/m3,2006-08-13,29,28,22,35,27,27,24,31,25,20,13,12,20,14,20,18,15,41,58,38,39,41,36,28
69,竹山,38,相對濕度,RH,percent,2006-08-13,83,85,85,82,81,81,81,81,72,67,65,62,62,62,59,60,63,72,74,75,78,78,80,80
70,永和,1,二氧化硫,SO2,ppb,2006-08-13,2,1.8,2,2.2,1.8,2.2,2.3,3,3.3,2.9,2.2,2.1,2.1,1.7,2.6,5.6,2.1,2.4,2.3,2.4,2.3,2.6,3.4,2.3
70,永和,2,一氧化碳,CO,ppm,2006-08-13,0.42,0.33,0.31,0.36,0.33,0.43,0.64,0.84,0.95,0.71,0.46,0.47,0.39,0.3,0.31,0.34,0.44,0.6,0.56,0.56,0.61,0.79,0.86,0.54
70,永和,3,臭氧,O3,ppb,2006-08-13,6.7,6.9,6.6,5.3,5.2,6.3,6.1,7.7,8.1,14,21,23,22,23,24,24,20,16,14,11,10,8,5.8,8.6
70,永和,4,懸浮微粒,PM10,μg/m3,2006-08-13,18,14,11,16,18,16,20,23,24,23,22,21,15,12,16,21,24,22,18,17,20,21,15,10
70,永和,5,氮氧化物,NOx,ppb,2006-08-13,17,13,11,22,15,23,26,35,57,28,18,19,15,12,13,13,21,24,23,25,30,35,36,25
70,永和,6,一氧化氮,NO,ppb,2006-08-13,9.8,6.8,4.7,13,7.4,14,17,23,40,15,9.6,10,7.8,6.2,6.3,5.7,10,12,11,11,16,19,19,12
70,永和,7,二氧化氮,NO2,ppb,2006-08-13,7.4,6.4,6.7,8.6,7.7,8.8,9.1,12,17,12,8.8,8.8,7.5,6,7,7.4,10,12,13,14,14,16,17,13
70,永和,10,風速,WIND_SPEED,m/sec,2006-08-13,2.5,2.9,1.6,1.3,0.8,1.3,1.1,1.6,2.3,2.5,3.5,2,2.7,3.1,3.8,2.6,3.6,2.7,2.7,3,2.7,2.5,2,1.3
70,永和,11,風向,WIND_DIREC,degrees,2006-08-13,88,94,99,80,145,181,135,96,88,115,91,136,118,93,105,107,90,102,96,101,91,89,97,120
70,永和,14,溫度,AMB_TEMP,℃,2006-08-13,29.7,29.4,29.1,28.8,28.3,28.3,28.4,29.4,31.6,33.1,34.1,34.8,35.8,35.8,35.9,35.4,34.5,33.2,31.9,30.8,30.2,29.8,29.3,29
70,永和,33,細懸浮微粒,PM2.5,μg/m3,2006-08-13,8,5,5,6,5,8,13,11,13,18,16,14,9,7,6,10,9,9,11,10,11,8,9,9
70,永和,38,相對濕度,RH,percent,2006-08-13,64,65,66,67,69,67,66,67,61,54,47,46,43,40,38,42,46,50,53,56,58,59,62,62
71,復興,1,二氧化硫,SO2,ppb,2006-08-13,8.4,5.8,5.1,4.8,15,x,27,15,6.2,4.8,4.9,3.7,2.9,3.2,2.8,2.8,2.7,3,3.2,3.2,2.9,2.8,3.2,3.3
71,復興,2,一氧化碳,CO,ppm,2006-08-13,0.29,0.34,x,0.23,0.35,0.45,0.71,0.74,0.79,0.89,0.49,0.39,0.27,0.25,0.25,0.28,0.32,0.42,0.49,0.5,0.52,0.47,0.51,0.35
71,復興,3,臭氧,O3,ppb,2006-08-13,13,16,17,18,x,8.7,7.9,16,21,24,21,20,23,32,33,32,31,26,23,19,19,18,19,21
71,復興,4,懸浮微粒,PM10,μg/m3,2006-08-13,28,34,21,22,34,47,54,48,43,47,53,44,31,30,26,25,37,37,24,31,35,19,24,34
71,復興,5,氮氧化物,NOx,ppb,2006-08-13,24,18,18,x,28,34,48,30,27,25,19,19,14,9.6,9.7,13,13,17,18,19,20,20,17,15
71,復興,6,一氧化氮,NO,ppb,2006-08-13,6.7,5.9,6,x,7.6,12,22,13,12,10,8.8,11,8.4,6,5.8,6.3,6.2,7.6,7.5,7.2,8,8.4,5.6,6.7
71,復興,7,二氧化氮,NO2,ppb,2006-08-13,17,12,12,x,21,22,26,17,15,15,10,8.4,5.7,3.6,4,6.4,6.4,9.4,10,12,12,11,11,7.9
71,復興,10,風速,WIND_SPEED,m/sec,2006-08-13,0.5,0.5,0.5,0.5,0.6,0.5,0.6,0.5,0.5,0.6,1.2,1.3,1.6,1.5,1.1,1.1,1.1,0.7,0.6,0.6,0.5,0.5,0.5,0.5
71,復興,11,風向,WIND_DIREC,degrees,2006-08-13,269,207,136,118,124,114,129,155,219,199,244,238,249,244,250,264,247,280,320,245,280,342,305,256
71,復興,14,溫度,AMB_TEMP,℃,2006-08-13,29.1,29.3,29.2,29.2,29.1,29,28.9,29.7,30.4,31.1,31.5,31.7,31.9,31.5,31.3,31,30.9,30.7,30.2,29.9,29.9,29.8,29.7,29.5
71,復興,33,細懸浮微粒,PM2.5,μg/m3,2006-08-13,14,18,18,16,16,19,21,24,22,20,18,15,14,17,20,19,17,18,21,18,15,14,12,12
71,復興,38,相對濕度,RH,percent,2006-08-13,74,74,75,75,75,75,74,71,68,65,63,62,62,64,64,65,65,65,66,67,67,66,65,65
72,埔里,1,二氧化硫,SO2,ppb,2006-08-13,1.8,1.5,1.3,1.2,1.3,1.1,1.3,1.3,1.3,1.4,1.5,1.4,1.4,1.5,1.4,1.7,2.7,2.7,2.9,2.9,2.7,2.7,2.4,2.2
72,埔里,2,一氧化碳,CO,ppm,2006-08-13,0.22,0.14,0.1,0.09,0.08,0.09,0.15,0.18,0.16,0.16,0.14,0.13,0.14,0.16,0.16,0.18,0.24,0.27,0.3,0.31,0.39,0.46,0.43,0.33
72,埔里,3,臭氧,O3,ppb,2006-08-13,24,23,23,23,23,24,22,21,26,36,43,46,44,47,49,58,76,73,68,64,55,40,26,31
72,埔里,4,懸浮微粒,PM10,μg/m3,2006-08-13,50,31,18,14,17,14,13,16,21,30,32,36,38,32,25,29,46,62,66,67,67,73,78,77
72,埔里,5,氮氧化物,NOx,ppb,2006-08-13,6.7,3.7,2.9,1.9,1.8,2.2,3.6,5.7,5.5,4.1,3.1,2.8,3.8,4.7,4.3,4.9,6.8,8.9,11,9,11,15,17,11
72,埔里,6,一氧化氮,NO,ppb,2006-08-13,0.2,0.2,0.2,0.5,0.6,0.9,1.4,2.1,2.3,1.5,1.2,1.1,1.4,1.8,1.3,1.1,1.5,1.3,1,0.9,1.1,1.2,1.3,1.1
72,埔里,7,二氧化氮,NO2,ppb,2006-08-13,6.5,3.6,2.7,1.4,1.2,1.3,2.2,3.6,3.2,2.6,1.9,1.7,2.5,2.9,3,3.8,5.4,7.6,9.6,8.1,10,14,16,9.9
72,埔里,10,風速,WIND_SPEED,m/sec,2006-08-13,2.2,2.4,2.4,3.2,1.8,2.2,1.8,1.5,1.1,1.7,2,2.5,4,3.3,4,3.1,3.2,2.6,2.5,1.9,0.7,1,1,0.9
72,埔里,11,風向,WIND_DIREC,degrees,2006-08-13,85,97,97,122,92,50,110,19,275,301,285,294,269,250,279,282,283,281,278,240,312,302,299,292
72,埔里,14,溫度,AMB_TEMP,℃,2006-08-13,27,26.5,25.7,25.2,25.1,25,24.9,25.7,26.9,28.4,29.7,31.2,31.9,32.5,32.5,31.8,31,30,29.1,28.4,28.1,27.8,27,26.7
72,埔里,33,細懸浮微粒,PM2.5,μg/m3,2006-08-13,42,24,14,8,5,8,10,11,18,27,29,27,25,24,22,25,38,48,52,58,61,60,60,62
72,埔里,38,相對濕度,RH,percent,2006-08-13,66,57,55,54,52,50,55,53,55,58,57,52,50,50,50,55,62,65,69,71,73,74,78,79
75,馬祖,1,二氧化硫,SO2,ppb,2006-08-13,2.2,2.1,2.1,2,1.1,1.2,1.2,1.1,1.4,1.2,1.6,1.3,1.2,1.1,1,1.2,1.3,1.4,1.7,1.3,1.3,1.5,1.3,1.1
75,馬祖,2,一氧化碳,CO,ppm,2006-08-13,0.11,0.1,0.11,0.11,0.11,0.11,0.14,0.16,0.18,0.17,0.16,0.16,0.16,0.14,0.14,0.14,0.16,0.11,0.12,0.14,0.14,0.17,0.14,0.14
75,馬祖,3,臭氧,O3,ppb,2006-08-13,17,16,15,15,15,15,14,15,17,20,24,27,29,30,31,29,31,33,27,26,26,21,20,20
75,馬祖,4,懸浮微粒,PM10,μg/m3,2006-08-13,28,22,17,22,21,17,21,19,20,29,28,22,26,24,22,27,31,33,25,21,19,17,20,20
75,馬祖,5,氮氧化物,NOx,ppb,2006-08-13,3.4,4.1,3.2,3.6,3.7,3.8,3.4,4.4,5.6,5.5,4.7,4.4,3.9,2.6,3.5,3.4,3.7,2.7,3.9,3,3.2,4.8,3.7,4.4
75,馬祖,6,一氧化氮,NO,ppb,2006-08-13,0.5,0.9,0.8,1.6,2,2.1,2.2,3.4,4.5,3.9,3.3,3.2,2.7,1.9,2.7,2.5,2.3,1.8,1.8,1.7,1.8,1.5,1.6,1.6
75,馬祖,7,二氧化氮,NO2,ppb,2006-08-13,2.8,3.2,2.5,1.9,1.7,1.8,1.3,1.1,1.2,1.6,1.4,1.1,1.2,0.7,0.8,0.9,1.4,0.8,2.1,1.3,1.4,3.3,2.1,2.8
75,馬祖,8,總碳氫化合物,THC,ppm,2006-08-13,1.8,1.8,1.8,1.8,1.8,1.8,1.8,1.8,1.8,1.8,1.8,1.8,1.8,1.8,1.8,1.8,1.8,1.8,1.8,1.8,1.8,1.8,1.8,1.8
75,馬祖,9,非甲烷碳氫化合物,NMHC,ppm,2006-08-13,0.03,0.02,0.02,0.02,0.02,0.03,0.03,0.03,0.04,0.04,0.04,0.04,0.04,0.04,0.04,0.04,0.05,0.03,0.03,0.04,0.05,0.07,0.04,0.04
75,馬祖,10,風速,WIND_SPEED,m/sec,2006-08-13,2.6,2.2,2,2.8,2.4,1.7,2.9,3,2.7,3.4,2.9,3.7,3.5,3.6,2.7,2.2,2.9,2.5,1.4,1.1,0.8,0.9,1.3,0.8
75,馬祖,11,風向,WIND_DIREC,degrees,2006-08-13,46,68,82,86,84,69,62,52,64,49,48,47,49,43,50,83,145,113,100,100,37,313,319,19
75,馬祖,14,溫度,AMB_TEMP,℃,2006-08-13,28.2,28.1,28,27.8,27.6,27.4,27.7,28.5,29.1,29.7,30.1,30.4,30.8,30.7,30.3,30.5,30.5,29.8,29.2,29,28.7,28.3,27.7,27.8
75,馬祖,21,酸雨,PH_RAIN,pH,2006-08-13,0,0,0,0,0,0,0,0,0,0,0,0,0,0,0,0,0,0,0,0,0,0,0,0
75,馬祖,22,導電度,RAIN_COND,μmho/cm,2006-08-13,0,0,0,0,0,0,0,0,0,0,0,0,0,0,0,0,0,0,0,0,0,0,0,0
75,馬祖,31,甲烷,CH4,ppm,2006-08-13,1.7,1.7,1.7,1.7,1.7,1.7,1.7,1.7,1.7,1.7,1.7,1.7,1.7,1.7,1.7,1.7,1.7,1.7,1.7,1.7,1.7,1.7,1.7,1.7
75,馬祖,32,降雨強度,RAIN_INT,㎜,2006-08-13,0,0,0,0,0,0,0,0,0,0,0,0,0,0,0,0,0,0,0,0,0,0,0,0
75,馬祖,33,細懸浮微粒,PM2.5,μg/m3,2006-08-13,2,1,0,2,5,6,3,3,7,9,8,7,4,5,10,11,13,11,5,4,1,2,4,2
75,馬祖,38,相對濕度,RH,percent,2006-08-13,84,84,84,85,87,87,85,82,79,77,75,74,72,71,74,73,73,76,78,78,80,82,84,84
77,金門,1,二氧化硫,SO2,ppb,2006-08-13,6.5,6.6,7.7,8.1,22,29,25,16,13,15,5.3,6.3,5.2,4.6,3.9,3.3,2.9,2.9,2.4,2.7,4.4,3.2,2.8,2.4
77,金門,2,一氧化碳,CO,ppm,2006-08-13,0.15,0.13,0.14,0.19,0.26,0.32,0.4,0.33,0.29,0.32,0.22,0.21,0.2,0.17,0.16,0.17,0.23,0.33,0.34,0.34,0.27,0.23,0.23,0.1
77,金門,3,臭氧,O3,ppb,2006-08-13,13,11,9.9,6.8,5.5,6.3,7.5,12,19,32,37,44,49,47,43,42,37,33,31,27,24,22,14,15
77,金門,4,懸浮微粒,PM10,μg/m3,2006-08-13,25,30,34,46,110,227,267,191,105,79,66,49,53,49,43,42,42,38,39,46,46,37,30,25
77,金門,5,氮氧化物,NOx,ppb,2006-08-13,5.8,6.5,6.6,12,17,24,24,18,16,13,7.1,6.2,5.9,6.5,7,6.8,9.9,15,16,15,12,12,17,9
77,金門,6,一氧化氮,NO,ppb,2006-08-13,1.6,1.5,1.6,1.7,4.1,8.9,11,9.8,8.6,4.3,2.5,1.5,1.5,2.2,2.6,2.4,3.9,5.7,7.2,5.2,3.7,3.4,3.9,1.2
77,金門,7,二氧化氮,NO2,ppb,2006-08-13,4.3,4.9,5,10,13,15,13,8.4,7.6,9,4.7,4.7,4.4,4.3,4.4,4.5,6,9.4,9,9.3,7.8,8.2,13,7.7
77,金門,8,總碳氫化合物,THC,ppm,2006-08-13,1.9,1.8,1.9,2,2,2,2.1,2,2,2,1.9,1.9,1.8,1.8,1.8,1.8,1.9,1.9,1.9,1.9,2,1.9,1.9,1.8
77,金門,9,非甲烷碳氫化合物,NMHC,ppm,2006-08-13,0.11,0.08,0.1,0.13,0.13,0.11,0.17,0.16,0.16,0.17,0.14,0.12,0.11,0.09,0.1,0.12,0.14,0.19,0.16,0.18,0.19,0.12,0.11,0.06
77,金門,10,風速,WIND_SPEED,m/sec,2006-08-13,4.7,3.6,1.4,0.5,0.9,1.3,1.6,3.5,3.3,3.8,4.5,4.5,5.3,4.9,6.6,6.2,5.7,4.2,3.9,3.1,2.6,2.1,1.4,1.4
77,金門,11,風向,WIND_DIREC,degrees,2006-08-13,40,40,16,60,18,343,50,47,58,55,42,53,66,78,78,87,90,84,65,82,95,131,115,195
77,金門,14,溫度,AMB_TEMP,℃,2006-08-13,29,28.8,28.3,27.8,28,28,28.6,29.5,30.4,31.5,32.3,32.8,33.3,33.3,32.9,32.2,31.2,30.6,29.4,28.7,28.3,27.8,27.7,27.2
77,金門,21,酸雨,PH_RAIN,pH,2006-08-13,0,0,0,0,0,0,0,0,0,0,0,0,0,0,0,0,0,0,0,0,0,0,0,0
77,金門,22,導電度,RAIN_COND,μmho/cm,2006-08-13,0,0,0,0,0,0,0,0,0,0,0,0,0,0,0,0,0,0,0,0,0,0,0,0
77,金門,31,甲烷,CH4,ppm,2006-08-13,1.8,1.8,1.8,1.9,1.9,1.9,1.9,1.8,1.8,1.8,1.8,1.8,1.7,1.7,1.7,1.7,1.7,1.7,1.7,1.8,1.8,1.8,1.8,1.8
77,金門,32,降雨強度,RAIN_INT,㎜,2006-08-13,0,0,0,0,0,0,0,0,0,0,0,0,0,0,0,0,0,0,0,0,0,0,0,0
77,金門,33,細懸浮微粒,PM2.5,μg/m3,2006-08-13,11,15,17,18,28,48,57,48,37,35,24,17,22,21,21,16,15,15,15,18,18,12,9,4
78,馬公,1,二氧化硫,SO2,ppb,2006-08-13,2.8,2,2,1.9,3,2.8,2.5,2.4,2.3,2.4,2.4,3.1,3.1,2.8,2.4,2.5,2.8,1.9,1.9,2.2,2.7,3.4,4.2,3.8
78,馬公,2,一氧化碳,CO,ppm,2006-08-13,0.12,0.09,0.06,0.05,0.09,0.11,0.11,0.09,0.13,0.17,0.15,0.09,0.07,0.06,0.06,0.07,0.09,0.14,0.19,0.17,0.21,0.23,0.29,0.21
78,馬公,3,臭氧,O3,ppb,2006-08-13,52,42,35,33,39,49,38,46,65,83,77,48,41,41,42,44,49,54,59,59,65,80,82,67
78,馬公,4,懸浮微粒,PM10,μg/m3,2006-08-13,44,42,35,32,30,37,43,42,53,60,54,40,29,32,30,27,33,43,49,51,52,57,59,59
78,馬公,5,氮氧化物,NOx,ppb,2006-08-13,7.2,5.6,6.3,5.9,7.8,7.1,8,7,5.8,8.3,6.4,5.6,4.7,4.7,4.4,4.5,6.3,6.2,6.5,6.7,7,7.4,9,8.1
78,馬公,6,一氧化氮,NO,ppb,2006-08-13,1.6,1.6,1.9,2,2.2,2.2,2.4,2.3,2,2.4,2.3,2.4,2.3,2.6,2.2,2.2,2.7,2.3,2.2,2.2,2.3,2.2,2.1,1.8
78,馬公,7,二氧化氮,NO2,ppb,2006-08-13,5.6,4.1,4.4,3.9,5.6,4.9,5.6,4.7,3.8,5.9,4.1,3.3,2.4,2.1,2.2,2.3,3.6,3.9,4.3,4.5,4.7,5.2,6.9,6.2
78,馬公,8,總碳氫化合物,THC,ppm,2006-08-13,1.7,1.6,1.6,1.6,1.7,1.8,1.7,1.6,1.7,1.7,1.7,1.7,1.7,1.7,1.6,1.6,1.6,1.7,1.7,1.7,1.7,1.7,1.8,1.8
78,馬公,9,非甲烷碳氫化合物,NMHC,ppm,2006-08-13,0.01,0.01,0,x,0.03,0.04,0.02,0.01,0.01,0.01,0.01,0.04,0.05,0.04,0.03,0.03,0.01,0.02,0.04,0.03,0.05,0.05,0.1,0.07
78,馬公,10,風速,WIND_SPEED,m/sec,2006-08-13,0.9,0.7,0.9,0.7,0.6,0.7,0.9,0.9,1.5,1.9,1.7,2.1,2,2.2,2.2,1.8,2.8,2.8,2.5,1.6,1.8,1.3,1.6,1.1
78,馬公,11,風向,WIND_DIREC,degrees,2006-08-13,227,217,244,238,150,206,263,263,243,245,227,284,283,281,286,288,270,80,64,77,75,59,123,196
78,馬公,14,溫度,AMB_TEMP,℃,2006-08-13,27.6,27.3,27.1,27,27.2,27.3,27.2,27.4,28,28.8,29.6,30.2,30.3,30.6,30.6,30.8,30.6,29.7,28.9,28.6,28.7,28.5,28.6,28.4
78,馬公,21,酸雨,PH_RAIN,pH,2006-08-13,0,0,0,0,0,0,0,0,0,0,0,0,0,0,0,0,0,0,0,0,0,0,0,0
78,馬公,22,導電度,RAIN_COND,μmho/cm,2006-08-13,0,0,0,0,0,0,0,0,0,0,0,0,0,0,0,0,0,0,0,0,0,0,0,0
78,馬公,31,甲烷,CH4,ppm,2006-08-13,1.6,1.6,1.6,1.6,1.6,1.8,1.7,1.6,1.7,1.7,1.7,1.6,1.6,1.6,1.6,1.6,1.6,1.7,1.6,1.6,1.7,1.7,1.7,1.8
78,馬公,32,降雨強度,RAIN_INT,㎜,2006-08-13,0,0,0,0,0,0,0,0,0,0,0,0,0,0,0,0,0,0,0,0,0,0,0,0
78,馬公,33,細懸浮微粒,PM2.5,μg/m3,2006-08-13,32,22,20,18,20,19,12,22,31,36,38,26,24,21,14,23,22,19,39,37,44,53,x,59
78,馬公,38,相對濕度,RH,percent,2006-08-13,87,89,90,90,88,86,88,87,82,80,77,74,72,70,68,66,70,74,80,81,82,84,84,84
80,關山,1,二氧化硫,SO2,ppb,2006-08-13,1.1,1.1,0.9,1,1.3,1.1,1.1,1.1,1.1,1.2,1.2,1.1,1.1,1.1,1.2,1.3,1.2,1.2,1.1,1.2,1.3,1.4,1.4,1.4
80,關山,2,一氧化碳,CO,ppm,2006-08-13,0.08,0.07,0.08,0.08,0.08,0.09,0.1,0.14,0.15,0.12,0.11,0.08,0.08,0.08,0.08,0.1,0.09,0.08,0.08,0.11,0.15,0.14,0.09,0.09
80,關山,3,臭氧,O3,ppb,2006-08-13,3.8,3.1,3,2.5,3.6,4.4,7.3,11,13,18,22,20,19,23,23,20,18,17,18,17,18,16,15,14
80,關山,4,懸浮微粒,PM10,μg/m3,2006-08-13,23,22,18,25,22,18,20,30,22,21,19,13,17,16,21,26,17,21,20,18,31,20,18,20
80,關山,5,氮氧化物,NOx,ppb,2006-08-13,4.1,3.9,3.7,4.5,3.6,5.3,6.8,8.1,8.2,8.1,5.6,5,3.7,3.8,4,5.2,4.4,4.2,4.4,6.7,6.3,7,5.2,5.3
80,關山,6,一氧化氮,NO,ppb,2006-08-13,1.4,1.4,1.1,1.6,1.5,2,3,4,4.3,3.9,2.5,2.4,1.5,1.5,1.7,2.1,1.7,1.8,2,1.7,1.9,2.1,1.6,1.7
80,關山,7,二氧化氮,NO2,ppb,2006-08-13,2.7,2.4,2.6,2.9,2.2,3.3,3.8,4.1,3.9,4.3,3.1,2.6,2.2,2.3,2.3,3.1,2.7,2.4,2.5,4.9,4.4,4.9,3.6,3.6
80,關山,10,風速,WIND_SPEED,m/sec,2006-08-13,1,0.9,1.1,1,1,1.2,1.2,2.1,1.4,2.1,1.7,2.1,2.2,2.3,4.3,4,4,3.3,1.2,2,1.7,1.3,1.1,1.4
80,關山,11,風向,WIND_DIREC,degrees,2006-08-13,317,271,322,275,263,86,137,69,73,110,84,127,321,30,210,211,209,218,222,59,74,56,11,331
80,關山,14,溫度,AMB_TEMP,℃,2006-08-13,26.8,26.4,25.9,25.7,25.2,25.4,26.2,27.6,29.4,30.9,32.6,33.8,34.1,34.7,34.3,32.1,31.1,29.8,29.1,29.1,28.9,28.7,27.8,27.3
80,關山,33,細懸浮微粒,PM2.5,μg/m3,2006-08-13,3,1,x,1,3,5,2,x,x,x,4,5,7,7,7,9,10,8,4,3,6,6,5,3
80,關山,38,相對濕度,RH,percent,2006-08-13,80,81,81,83,81,79,68,59,55,54,50,52,51,47,52,65,68,72,73,72,71,70,73,74
